"";"pred";"obs"
"1";0,238718703389168;0,282268939097158
"2";0,79416412115097;0,798967839307879
"3";0,292792141437531;0,295464760970058
"4";0,570232391357422;0,498556706982652
"5";0,193190544843674;0,183094090333648
"6";0,170887693762779;0,160413771489602
"7";0,375957697629929;0,343505799976083
"8";0,0698335692286491;0,0717543432810586
"9";0,859299421310425;0,670927130197401
"10";0,986803531646729;1
"11";0,994904458522797;1
"12";0,650221645832062;0,756906157088012
"13";0,613236904144287;0,473814540970965
"14";0,606103777885437;0,585360472740319
"15";0,447546482086182;0,637112836648096
"16";0,603280186653137;0,641442715700141
"17";0,224034056067467;0,19031055542039
"18";0,372656911611557;0,375670615791275
"19";0,987016499042511;1
"20";0,293201386928558;0,277320505894821
"21";0,251323938369751;0,318145079814104
"22";0,46876260638237;0,568247141248902
"23";0,297246783971786;0,320206926981744
"24";0,201293334364891;0,155465338287265
"25";0,389092266559601;0,373814953340399
"26";0,267600268125534;0,402062259537074
"27";0,0772819966077805;0,111547993616521
"28";0,200357526540756;0,170104453177513
"29";0,264112412929535;0,308866767559721
"30";0,37555056810379;0,394433425016804
"31";0,277658402919769;0,283506047397743
"32";0,153567403554916;0,178558026564839
"33";0,433888226747513;0,501237108300584
"34";0,434594750404358;0,328248130935543
"35";0,344494819641113;0,333402748854644
"36";0,167188718914986;0,175259071096614
"37";0,433408439159393;0,438556954404312
"38";0,34432727098465;0,334639857155228
"39";0,545371949672699;0,55896882899452
"40";0,638097167015076;0,469278477202156
"41";0,212830722332001;0,169073529593692
"42";0,221039861440659;0,422886915930244
"43";0,107972539961338;0,163300357524299
"44";0,742245674133301;0,731751621642797
"45";0,429913967847824;0,394433425016804
"46";0,226464301347733;0,410928202357928
"47";0,181016162037849;0,132785019443219
"48";0,247610569000244;0,243506212345516
"49";0,165659531950951;0,196289912206548
"50";0,984059870243073;1
"51";0,723992824554443;0,678349780000907
"52";0,1474329829216;0,175259071096614
"53";0,854643046855927;1
"54";0,214442133903503;0,156908631304613
"55";0,333802819252014;0,26659890062309
"56";0,409575432538986;0,433814705918738
"57";0,254775494337082;0,266805085339854
"58";0,279740393161774;0,295258576253294
"59";0,409965932369232;0,450103298543099
"60";0,464349210262299;0,439175508554604
"61";0,379188567399979;0,371753106172758
"62";0,336251437664032;0,399794227652669
"63";0,386339098215103;0,348866602611948
"64";0,62152898311615;0,572989389734475
"65";0,199323609471321;0,177939472414547
"66";0,55599319934845;0,735256761827786
"67";0,136975675821304;0,155877707720793
"68";0,377256751060486;0,452371330427503
"69";0,458503782749176;0,419587960462019
"70";0,544996857643127;0,491546426612674
"71";0,312021344900131;0,322474958866149
"72";0,405324935913086;0,310516245293834
"73";0,253956854343414;0,145980841316118
"74";0,275368869304657;0,248454645547853
"75";0,647209644317627;0,507835019237034
"76";0,381755024194717;0,453608438728088
"77";0,320288926362991;0,219176415767358
"78";0,910956799983978;0,953194007447392
"79";0,145895928144455;0,0954655857089249
"80";0,251485466957092;0,274021550426596
"81";0,178842350840569;0,0851563498707222
"82";0,258989185094833;0,26659890062309
"83";0,239590242505074;0,292371990218597
"84";0,123037874698639;0,108249038148296
"85";0,365669578313828;0,355464513548398
"86";0,744668960571289;0,670102391330345
"87";0,198746636509895;0,171753930911625
"88";0,560016989707947;0,544948268254564
"89";0,268131047487259;0,305155442657968
"90";0,75253564119339;0,708246563931695
"91";0,166664347052574;0,141857146980837
"92";0,267818927764893;0,205362039744166
"93";0,293660968542099;0,428453903282873
"94";0,331798642873764;0,336083150172577
"95";0,448461651802063;0,311959538311182
"96";0,360107362270355;0,391959208415635
"97";0,274460762739182;0,291547251351541
"98";0,274052262306213;0,307217289825609
"99";0,349315613508224;0,392783947282692
"100";0,283068239688873;0,212578504830908
"101";0,187127605080605;0,183506459767176
"102";0,394990116357803;0,212578504830908
"103";0,342182666063309;0,31237190774471
"104";0,125621974468231;0,080826470818677
"105";0,220634207129478;0,32000074226498
"106";0,313756316900253;0,252578339883134
"107";0,308561444282532;0,427010610265525
"108";0,30074468255043;0,278763798912169
"109";0,596953809261322;0,587628504624723
"110";0,75871729850769;0,692164156024099
"111";0,899722099304199;1
"112";0,225515887141228;0,230722759906145
"113";0,348556131124496;0,364536641086016
"114";0,279132336378098;0,276495767027765
"115";0,858464181423187;0,999997938152832
"116";0,436448097229004;0,553608026358654
"117";0,132953524589539;0,109898515882409
"118";0,293622314929962;0,247217537247269
"119";0,845686316490173;0,760617481989765
"120";0,486638993024826;0,464536228716583
"121";0,402106493711472;0,295464760970058
"122";0,457164764404297;0,452371330427503
"123";0,262787878513336;0,226805250287628
"124";0,641607224941254;0,378144832392444
"125";0,10217148065567;0,0816512096857333
"126";0,305290311574936;0,336083150172577
"127";0,311447530984879;0,633813881179871
"128";0,363653630018234;0,343093430542554
"129";0,375394254922867;0,285567894565383
"130";0,34802308678627;0,287835926449788
"131";0,439931780099869;0,462062012115414
"132";0,0927143320441246;0,103506789662723
"133";0,579459428787231;0,507216465086742
"134";0,321521580219269;0,64391693230131
"135";0,660255253314972;0,65711275417421
"136";0,57667201757431;1
"137";0,310858100652695;0,252578339883134
"138";0,226600483059883;0,19690846635684
"139";0,341053247451782;0,352371742796937
"140";0,25115367770195;0,161238510356658
"141";0,200675830245018;0,15113545923522
"142";0,696165502071381;0,739792825596595
"143";0,311113029718399;0,346804755444307
"144";0,0939397364854813;0,0750532987492835
"145";0,335527420043945;0,302887410773564
"146";0,56702584028244;0,628865447977534
"147";0,5739905834198;0,520412286959641
"148";0,202289178967476;0,214021797848256
"149";0,351685285568237;0,246805167813741
"150";0,251794546842575;0,32556772961761
"151";0,525330305099487;0,348660417895184
"152";0,473675191402435;0,508453573387326
"153";0,172574698925018;0,11608405738533
"154";0,348829686641693;0,367217042403949
"155";0,163444921374321;0,180001319582187
"156";0,285087406635284;0,355670698265162
"157";0,288846909999847;0,286392633432439
"158";0,752649426460266;0,718968169203426
"159";0,186702787876129;0,204331116160346
"160";0,722687721252441;0,73443202296073
"161";0,187138259410858;0,170310637894277
"162";0,347186237573624;0,31896981868116
"163";0,453976511955261;0,596906816879106
"164";0,421630412340164;0,559793567861576
"165";0,366575658321381;0,517319516208181
"166";0,441257029771805;0,951956899146808
"167";0,396255224943161;0,399381858219141
"168";0,329259753227234;0,407216877456175
"169";0,454293042421341;0,507422649803506
"170";0,247180968523026;0,190516740137154
"171";0,159473866224289;0,201032160692121
"172";0,294208735227585;0,312990461895003
"173";0,112514697015285;0,108249038148296
"174";0,0887492671608925;0,0870120123215987
"175";0,127883523702621;0,172784854495445
"176";0,922464311122894;1
"177";0,196010202169418;0,156083892437557
"178";0,288680791854858;0,321237850565565
"179";0,0970729663968086;0,127011847373825
"180";0,13850462436676;0,140413853963489
"181";0,944250702857971;1
"182";0,569337725639343;0,544948268254564
"183";0,176837712526321;0,134846866610859
"184";0,105418786406517;0,0892800442060033
"185";0,333626478910446;0,527834936763147
"186";0,13518987596035;0,114640764367982
"187";0,239594504237175;0,197114651073604
"188";0,22119876742363;0,223918664252931
"189";0,998566508293152;1
"190";0,350598871707916;0,400206597086198
"191";0,341818451881409;0,403917921987951
"192";0,135296285152435;0,119589197570319
"193";0,235230952501297;0,321237850565565
"194";0,363007009029388;0,281031830796574
"195";0,261442333459854;0,211753765963852
"196";0,362503618001938;0,568865695399194
"197";0,298243790864944;0,308660582842957
"198";0,124129571020603;0,101238757778318
"199";0,99557626247406;1
"200";0,321670025587082;0,302475041340036
"201";0,250631749629974;0,301650302472979
"202";0,148489251732826;0,165774574125468
"203";0,221072942018509;0,282681308530686
"204";0,19342277944088;0,161032325639894
"205";0,11470690369606;0,125980923790005
"206";0,615279912948608;0,606391313850252
"207";0,455388873815536;0,410103463490872
"208";0,626753747463226;0,720617646937538
"209";0,154333859682083;0,170929192044569
"210";0,403442323207855;0,317732710380576
"211";0,711605846881866;0,774225673296193
"212";0,527735590934753;0,5315462616649
"213";0,841140449047089;0,694638372625268
"214";0,231744349002838;0,262269021571045
"215";0,299156874418259;0,271753518542192
"216";0,429605096578598;0,518968993942293
"217";0,264232903718948;0,479587713040359
"218";0,329173415899277;0,344536723559903
"219";0,278220891952515;0,31237190774471
"220";0,40599313378334;0,409278724623816
"221";0,712068557739258;0,642061269850434
"222";0,493625372648239;0,383505635028309
"223";0,264124840497971;0,293402913802417
"224";0,244350582361221;0,227629989154684
"225";0,0779179260134697;0,0744347445989913
"226";0,38556319475174;0,369897443721882
"227";0,229458227753639;0,157527185454905
"228";0,819787085056305;1
"229";0,202948331832886;0,194434249755671
"230";0,413190066814423;0,378763386542736
"231";0,093322865664959;0,0830945027030816
"232";0,371012210845947;0,242269104044932
"233";0,235943511128426;0,201856899559177
"234";0,302818864583969;0,279382353062462
"235";0,364442497491837;0,284330786264799
"236";0,29881027340889;0,296289499837114
"237";0,40173202753067;0,662267372093311
"238";0,882603108882904;1
"239";0,698834896087646;0,87731803167822
"240";0,0910769104957581;0,0818573944024973
"241";0,350645542144775;0,424330208947592
"242";0,42817959189415;0,426392056115233
"243";0,2345370054245;0,177527102981019
"244";0,259798943996429;0,303299780207092
"245";0,223312631249428;0,189485816553334
"246";0,525181412696838;0,447422897225166
"247";0,228402629494667;0,226186696137336
"248";0,755126416683197;0,83257594814042
"249";0,764092564582825;0,859586146036511
"250";0,328596234321594;0,419794145178783
"251";0,417927414178848;0,412165310658513
"252";0,197579368948936;0,146393210749646
"253";0,259466230869293;0,214021797848256
"254";0,41335791349411;0,405773584438827
"255";0,225716486573219;0,257732957802236
"256";0,304954051971436;0,291341066634777
"257";0,36636820435524;0,524123611861394
"258";0,59465092420578;0,478762974173302
"259";0,549240589141846;0,650721027954524
"260";0,276618301868439;0,279176168345698
"261";0,244229629635811;0,186393045801873
"262";0,287378698587418;0,304124519074148
"263";0,930801331996918;1
"264";0,730792880058289;0,687009538104998
"265";0,423695415258408;0,507422649803506
"266";0,415485024452209;0,457525948346605
"267";0,291244596242905;0,297938977571227
"268";0,440223306417465;0,407216877456175
"269";0,294639259576797;0,286598818149204
"270";0,569658637046814;0,467422814751279
"271";0,277877926826477;0,232784607073785
"272";0,0997068360447884;0,0826821332695535
"273";0,366957724094391;0,283093677964215
"274";0,763472855091095;0,880616987146445
"275";0,325323432683945;0,454639362311908
"276";0,149944454431534;0,173609593362502
"277";0,483901560306549;0,454639362311908
"278";0,142439872026443;0,175259071096614
"279";0,971685767173767;1
"280";0,169303447008133;0,171135376761333
"281";0,135383486747742;0,0789708083678005
"282";0,553647398948669;0,659793155492142
"283";0,517753660678864;0,586803765757667
"284";0,14888858795166;0,288660665316844
"285";0,436205476522446;0,454845547028672
"286";0,286685168743134;0,285361709848619
"287";0,568661570549011;0,525979274312271
"288";0,302204519510269;0,275258658727181
"289";0,309582054615021;0,316083232646463
"290";0,15430822968483;0,197320835790368
"291";0,237280756235123;0,203300192576525
"292";0,107582747936249;0,0886614900557111
"293";0,281132787466049;0,267423639490146
"294";0,15921938419342;0,141444777547309
"295";0,541268885135651;0,575463606335644
"296";0,453811973333359;0,333402748854644
"297";0,616215348243713;0,556494612393351
"298";0,280254662036896;0,205774409177694
"299";0,337419271469116;0,322681143582913
"300";0,145974084734917;0,160619956206366
"301";0,282325744628906;0,407216877456175
"302";0,243208959698677;0,193609510888615
"303";0,523493349552155;0,550515255607193
"304";0,44052991271019;0,477732050589482
"305";0,440963476896286;0,329897608669655
"306";0,561085820198059;0,893400439585816
"307";0,506048262119293;0,391959208415635
"308";0,137916564941406;0,142269516414365
"309";0,118989065289497;0,0661873559284292
"310";0,354894489049911;0,53608232543371
"311";0,37294265627861;0,354845959398106
"312";0,37646672129631;0,401031335953254
"313";0,404558569192886;0,450928037410155
"314";0,547703325748444;0,482061929641527
"315";0,173439502716064;0,290928697201249
"316";0,544726610183716;0,402062259537074
"317";0,31555899977684;0,117527350402679
"318";0,521463096141815;0,520412286959641
"319";0,381552666425705;0,432989967051682
"320";0,45611497759819;0,500618554150292
"321";0,501341819763184;0,358763469016623
"322";0,755318582057953;0,91752405144721
"323";0,424772411584854;0,466185706450695
"324";0,20083075761795;0,237939224992887
"325";0,0931020453572273;0,0855687193042503
"326";0,235010832548141;0,161444695073422
"327";0,485279858112335;0,485567069826516
"328";0,366999059915543;0,414020973109389
"329";0,331377148628235;0,159176663189018
"330";0,176303878426552;0,107218114564476
"331";0,50782698392868;0,466185706450695
"332";0,336682051420212;0,348041863744892
"333";0,510730624198914;0,948451758961819
"334";0,155868351459503;0,152991121686096
"335";0,107531301677227;0,108249038148296
"336";0,114666186273098;0,0909295219401157
"337";0,66878080368042;0,781442138382935
"338";0,30069375038147;0,456082655329256
"339";0,28399270772934;0,24165054989464
"340";0,145864441990852;0,142681885847893
"341";0,238336578011513;0,222269186518818
"342";0,264242917299271;0,238557779143179
"343";0,22286319732666;0,311134799444126
"344";0,838740646839142;0,925152885967481
"345";0,453816831111908;0,397320011051501
"346";0,225841850042343;0,252578339883134
"347";0,304835110902786;0,229898021039088
"348";0,176536738872528;0,127424216807353
"349";0,477384269237518;0,542267866936631
"350";0,302932620048523;0,287217372299496
"351";0,154975533485413;0,149485981501107
"352";0,0993423610925674;0,117114980969151
"353";0,293189316987991;0,364330456369252
"354";0,998572945594788;1
"355";0,461343228816986;0,418763221594962
"356";0,657673954963684;0,728865035608101
"357";0,400215059518814;0,437113661386963
"358";0,399757862091064;0,35608306769869
"359";0,184605106711388;0,21979496991765
"360";0,273878306150436;0,338557366773745
"361";0,37996518611908;0,260413359120169
"362";0,266645580530167;0,246805167813741
"363";0,538441181182861;0,432577597618154
"364";0,318425953388214;0,266186531189562
"365";0,292912691831589;0,172372485061917
"366";0,360446184873581;0,307423474542373
"367";0,301925659179688;0,341237768091678
"368";0,421651363372803;0,451546591560447
"369";0,368860274553299;0,465979521733931
"370";0,132997289299965;0,166599312992524
"371";0,227105304598808;0,172372485061917
"372";0,822182357311249;0,897730318637861
"373";0,263275265693665;0,268042193640439
"374";0,470224350690842;0,827008960787791
"375";0,362389028072357;0,42268073121348
"376";0,359425067901611;0,429484826866693
"377";0,144553050398827;0,0670120947954854
"378";0,443322449922562;0,442474464022829
"379";0,371633797883987;0,44103117100548
"380";0,463166922330856;0,524742166011687
"381";0,111933164298534;0,114846949084746
"382";0,230441316962242;0,172166300345153
"383";0,135692790150642;0,146393210749646
"384";0,217935740947723;0,175259071096614
"385";0,687037706375122;0,579174931237397
"386";0,800452709197998;0,786184386868508
"387";0,507032871246338;0,538762726751642
"388";0,113260969519615;0,138352006795848
"389";0,47431692481041;0,262887575721337
"390";0,288098156452179;0,225980511420571
"391";0,354287326335907;0,3657737493866
"392";0,0941811427474022;0,0878367511886549
"393";0,245675891637802;0,218145492183537
"394";0,250684946775436;0,240619626310819
"395";0,527534127235413;0,418350852161434
"396";0,323028594255447;0,318145079814104
"397";0,146353214979172;0,125156184922949
"398";0,233146458864212;0,432989967051682
"399";0,292793810367584;0,327423392068486
"400";0,201922550797462;0,265980346472798
"401";0,272873610258102;0,263918499305157
"402";0,37054643034935;0,297732792854462
"403";0,800893843173981;0,777112259330889
"404";0,317112296819687;0,347010940161071
"405";0,773240923881531;0,735050577111022
"406";0,490348368883133;0,26556797703927
"407";0,236831694841385;0,204743485593874
"408";0,379347264766693;0,345567647143723
"409";0,11500945687294;0,222887740669111
"410";0,231664806604385;0,155259153570501
"411";0,253287464380264;0,295877130403586
"412";0,25739312171936;0,164537465824883
"413";0,848238527774811;0,830514100972779
"414";0,166914239525795;0,0826821332695535
"415";0,471702426671982;0,275052474010416
"416";0,421806007623672;0,411546756508221
"417";0,645370125770569;0,805771934961093
"418";0,243233799934387;0,232166052923493
"419";0,298866927623749;0,337114073756397
"420";0,489379584789276;0,742267042197764
"421";0,274402350187302;0,284743155698327
"422";0,67134565114975;0,547010115422204
"423";0,610702991485596;0,53608232543371
"424";0,398969918489456;0,587628504624723
"425";0,279720187187195;0,207217702195042
"426";0,17794768512249;0,263918499305157
"427";0,555335521697998;0,55237091805807
"428";0,37198394536972;0,413196234242333
"429";0,214406400918961;0,243300027628752
"430";0,373279601335526;0,531958631098428
"431";0,347574323415756;0,344330538843139
"432";0,244520649313927;0,171547746194861
"433";0,238254874944687;0,296701869270642
"434";0,46950089931488;0,422268361779951
"435";0,68219405412674;1
"436";0,208410739898682;0,170310637894277
"437";0,197787657380104;0,187423969385693
"438";0,273084342479706;0,26556797703927
"439";0,363358944654465;0,258763881386056
"440";0,452918469905853;0,365567564669836
"441";0,235730215907097;0,231135129339673
"442";0,178826585412025;0,170723007327805
"443";0,975917041301727;1
"444";0,415306240320206;0,278145244761877
"445";0,471847653388977;0,434845629502559
"446";0,388215333223343;0,383711819745073
"447";0,541283369064331;0,461237273248358
"448";0,295911580324173;0,398144749918557
"449";0,375639826059341;0,401443705386782
"450";0,247008591890335;0,284536970981563
"451";0,407008349895477;0,371546921455994
"452";0,385571181774139;0,39525816388386
"453";0,489993095397949;0,541443128069575
"454";0,115143425762653;0,10845522286506
"455";0,500601768493652;0,507010280369978
"456";0,411273866891861;0,384124189178601
"457";0,296649575233459;0,269897856091315
"458";0,130413681268692;0,0793831778013287
"459";0,308745086193085;0,259794804969876
"460";0,436127483844757;0,308660582842957
"461";0,203928992152214;0,293815283235945
"462";0,113853856921196;0,0804141013851489
"463";0,337010025978088;0,365567564669836
"464";0,424998462200165;0,501855662450877
"465";0,35526031255722;0,352990296947229
"466";0,332044780254364;0,246598983096977
"467";0,178813427686691;0,105156267396835
"468";0,187043562531471;0,202269268992705
"469";0,546758234500885;0,494433012647371
"470";0,1452566832304;0,099589280044206
"471";0,285250335931778;0,226805250287628
"472";0,0871827006340027;0,0859810887377784
"473";0,12399660795927;0,162475618657243
"474";0,289689779281616;0,305773996808261
"475";0,267600536346436;0,205980593894458
"476";0,114139258861542;0,125362369639713
"477";0,284916877746582;0,196702281640076
"478";0,779241740703583;0,674638455099154
"479";0,338717997074127;0,445979604207818
"480";0,250021278858185;0,239176333293471
"481";0,491480350494385;0,41711374386085
"482";0,232291862368584;0,262062836854281
"483";0,490200459957123;0,470309400785976
"484";0,199896708130836;0,175259071096614
"485";0,618736028671265;0,727215557873988
"486";0,132925108075142;0,0804141013851489
"487";0,236023977398872;0,34288724582579
"488";0,332654893398285;0,34288724582579
"489";0,33769553899765;0,322474958866149
"490";0,665559470653534;0,61340159422023
"491";0,694691002368927;0,814844062498711
"492";0,267087608575821;0,238763963859943
"493";0,0791908204555511;0,0680430183793057
"494";0,4076107442379;0,369278889571589
"495";0,272207111120224;0,289691588900664
"496";0,349704593420029;0,282887493247451
"497";0,612610638141632;0,575669791052408
"498";0,611222386360168;0,512164898289079
"499";0,242375627160072;0,375052061640983
"500";0,729360818862915;0,919998268048379
"501";0,208478167653084;0,501649477734112
"502";0,527706444263458;0,639174683815737
"503";0,333342880010605;0,53608232543371
"504";0,213838309049606;0,207836256345335
"505";0,380875200033188;0,447422897225166
"506";0,594745516777039;0,629484002127826
"507";0,289117693901062;0,200001237108301
"508";0,295913487672806;0,306598735675317
"509";0,349090963602066;0,358969653733387
"510";0,495745152235031;0,478762974173302
"511";0,37541863322258;0,408247801039996
"512";0,30007603764534;0,284330786264799
"513";0,831867039203644;0,930101319169818
"514";0,312919944524765;0,304124519074148
"515";0,473123967647552;0,430721935167278
"516";0,196936279535294;0,21979496991765
"517";0,264682769775391;0,231341314056437
"518";0,743308305740356;0,793813221388778
"519";0,429472595453262;0,488866025294741
"520";0,553263425827026;0,716493952602257
"521";0,960522532463074;0,961853765551482
"522";0,477424502372742;0,342474876392262
"523";0,401421964168549;0,401237520670018
"524";0,202489465475082;0,205362039744166
"525";0,436213314533234;0,478762974173302
"526";0,675517499446869;0,78783386460262
"527";0,502225279808044;0,617937657989039
"528";0,29546719789505;0,280413276646282
"529";0,200019538402557;0,143094255281422
"530";0,122693873941898;0,0785584389342724
"531";0,510917365550995;0,576906899352992
"532";0,580707609653473;0,454020808161616
"533";0,139971345663071;0,176908548830726
"534";0,226029738783836;0,154846784136973
"535";0,331054598093033;0,258763881386056
"536";0,203957870602608;0,15422822998668
"537";0,310383826494217;0,432989967051682
"538";0,757302284240723;0,692164156024099
"539";0,138048380613327;0,153609675836388
"540";0,996116578578949;1
"541";0,324736475944519;0,244330951212572
"542";0,535439729690552;0,401649890103546
"543";0,515209853649139;0,438144584970784
"544";0,216330841183662;0,2894854041839
"545";0,431299835443497;0,690720863006751
"546";0,105791695415974;0,111754178333285
"547";0,367699772119522;0,335052226588756
"548";0,42034175992012;0,372784029756578
"549";0,305562138557434;0,343918169409611
"550";0,450178205966949;0,482268114358291
"551";0,275716096162796;0,398557119352085
"552";0,409803092479706;0,487835101710921
"553";0,283393412828445;0,304124519074148
"554";0,710610270500183;0,730720698058977
"555";0,296102672815323;0,224331033686459
"556";0,401963472366333;0,383299450311545
"557";0,812762141227722;1
"558";0,144167974591255;0,0781460695007443
"559";0,170348688960075;0,118145904552971
"560";0,464126944541931;0,436288922519907
"561";0,769810676574707;1
"562";0,435341715812683;0,585979026890611
"563";0,305251270532608;0,226805250287628
"564";0,0880903303623199;0,0874243817551268
"565";0,461725383996964;0,711339334683156
"566";0,605189323425293;0,68762809225529
"567";0,12391359359026;0,0810326555354411
"568";0,268171280622482;0,294846206819766
"569";0,412545889616013;0,472371247953617
"570";0,359780967235565;0,321444035282329
"571";0,410759270191193;0,474226910404493
"572";0,172895014286041;0,185362122218053
"573";0,23704731464386;0,194021880322143
"574";0,301172733306885;0,259794804969876
"575";0,220180869102478;0,186599230518637
"576";0,544804573059082;0,639999422682793
"577";0,968411982059479;1
"578";0,258763372898102;0,208454810495627
"579";0,326950192451477;0,301856487189744
"580";0,305271714925766;0,420206514612311
"581";0,47882667183876;0,521237025826698
"582";0,626052856445312;0,801442055909048
"583";0,316542237997055;0,400412781802962
"584";0,142600476741791;0,154640599420209
"585";0,172289714217186;0,226805250287628
"586";0,275268495082855;0,381443787860669
"587";0,26263427734375;0,329897608669655
"588";0,42779329419136;0,515463853757304
"589";0,184442147612572;0,156083892437557
"590";0,132054299116135;0,103919159096251
"591";0,247441560029984;0,192372402588031
"592";0,591507792472839;0,888452006383479
"593";0,870325267314911;0,844122292279207
"594";0,691774308681488;1
"595";0,470732450485229;0,559587383144812
"596";0,331865012645721;0,32762957678525
"597";0,405832260847092;0,386804590496534
"598";0,330244094133377;0,25897006610282
"599";0,464224189519882;0,530927707514608
"600";0,993477702140808;0,806596673828149
"601";0,862471878528595;1
"602";0,629709243774414;0,634844804763692
"603";0,217414185404778;0,15113545923522
"604";0,532524883747101;0,459793980231009
"605";0,360542267560959;0,375052061640983
"606";0,447428822517395;0,366804672970421
"607";0,552885174751282;0,340413029224622
"608";0,477421045303345;0,496701044531775
"609";0,512389540672302;0,374433507490691
"610";0,270270168781281;0,324124436600261
"611";0,290185838937759;0,1237128919056
"612";0,335057258605957;0,355876882981926
"613";0,715708136558533;0,917936420880739
"614";0,184128046035767;0,22185681708529
"615";0,73800927400589;0,718761984486662
"616";0,348887085914612;0,279176168345698
"617";0,237886667251587;0,199176498241244
"618";0,276027679443359;0,278351429478641
"619";0,576586544513702;0,509278312254382
"620";0,684193909168243;0,508453573387326
"621";0,146451711654663;0,113403656067398
"622";0,432980984449387;0,304330703790912
"623";0,138096615672112;0,118145904552971
"624";0,406782001256943;0,245774244229921
"625";0,371436953544617;0,896905579770805
"626";0,172502934932709;0,158558109038726
"627";0,0815839692950249;0,0884553053389471
"628";0,732857465744019;0,736906239561899
"629";0,498445391654968;0,492164980762966
"630";0,443584650754929;0,480206267190651
"631";0,90418940782547;0,793813221388778
"632";0,481465846300125;0,35505214411487
"633";0,527152895927429;0,504329879052045
"634";0,52273416519165;0,47711349643919
"635";0,890097558498383;0,878142770545276
"636";0,141791611909866;0,0868058276048346
"637";0,996058285236359;1
"638";0,388290792703629;0,690720863006751
"639";0,240890726447105;0,207011517478278
"640";0,526295065879822;0,518968993942293
"641";0,0800238326191902;0,0567028589572827
"642";0,162811204791069;0,164125096391355
"643";0,508508324623108;0,42474257838112
"644";0,278857618570328;0,362062424484847
"645";0,272097647190094;0,273402996276304
"646";0,315979659557343;0,365155195236308
"647";0,509374976158142;1
"648";0,299607753753662;0,226805250287628
"649";0,36158499121666;0,295877130403586
"650";0,239934101700783;0,21113521181356
"651";0,768745183944702;0,725153710706348
"652";0,196772694587708;0,186599230518637
"653";0,0931678041815758;0,0833006874198457
"654";0,396218746900558;0,397526195768265
"655";0,29493048787117;0,201032160692121
"656";0,486422777175903;0,476907311722426
"657";0,0863556042313576;0,107630483998004
"658";0,303131341934204;0,242475288761696
"659";0,209808707237244;0,299794640022103
"660";0,223474025726318;0,230516575189381
"661";0,222977682948112;0,138764376229376
"662";0,156830221414566;0,143300439998186
"663";0,163867250084877;0,12927987925823
"664";0,514301717281342;0,637525206081624
"665";0,152781203389168;0,140207669246725
"666";0,611307621002197;0,839586228510398
"667";0,247297212481499;0,287629741733024
"668";0,148731902241707;0,11505313380151
"669";0,694461464881897;0,700411544694661
"670";0,389884620904922;0,387423144646826
"671";0,238200172781944;0,198557944090952
"672";0,208133414387703;0,140620038680253
"673";0,428042411804199;0,40185607482031
"674";0,485631376504898;0,450309483259863
"675";0,348353147506714;0,666184881711828
"676";0,3019879758358;0,29505239153653
"677";0,247006639838219;0,304124519074148
"678";0,217512115836143;0,241031995744347
"679";0,618448436260223;0,577731638220049
"680";0,746535778045654;0,671545684347693
"681";0,426477164030075;0,355670698265162
"682";0,351039111614227;0,204743485593874
"683";0,350822329521179;0,291753436068305
"684";0,272857159376144;0,249485569131674
"685";0,206006303429604;0,149485981501107
"686";0,344568997621536;0,465154782866875
"687";0,391109198331833;0,353196481663993
"688";0,333129793405533;0,248660830264617
"689";0,514818847179413;0,661236448509491
"690";0,128953814506531;0,0886614900557111
"691";0,458821445703506;0,437319846103727
"692";0,238184094429016;0,233609345940841
"693";0,283208668231964;0,392990131999456
"694";0,427680909633636;0,38000049484332
"695";0,52724826335907;0,599793402913802
"696";0,326310753822327;0,304536888507676
"697";0,22061625123024;0,154846784136973
"698";0,929674744606018;0,903915860140783
"699";0,220801442861557;0,304124519074148
"700";0,238117128610611;0,347010940161071
"701";0,27808290719986;0,239794887443763
"702";0,402465045452118;0,460412534381302
"703";0,284301340579987;0,35505214411487
"704";0,564185440540314;0,679793073018256
"705";0,347872465848923;0,278351429478641
"706";0,806359529495239;0,905359153158131
"707";0,550220668315887;0,652782875122164
"708";0,773471653461456;0,667009620578884
"709";0,466647386550903;0,300413194172395
"710";0,593186676502228;0,689896124139694
"711";0,423394352197647;0,489278394728269
"712";0,250850856304169;0,231753683489965
"713";0,321951240301132;0,271341149108663
"714";0,370149463415146;0,415464266126738
"715";0,70692390203476;0,64494785588513
"716";0,203676596283913;0,201856899559177
"717";0,156202480196953;0,254227817617247
"718";0,537757754325867;0,610515008185533
"719";0,256007999181747;0,284743155698327
"720";0,299087703227997;0,215671275582369
"721";0,141650199890137;0,14453754829877
"722";0,998547375202179;1
"723";0,563323438167572;0,252165970449606
"724";0,0958105102181435;0,138145822079084
"725";0,575899004936218;0,636700467214568
"726";0,252917140722275;0,201032160692121
"727";0,551884531974792;0,689277569989402
"728";0,597410202026367;0,553195656925126
"729";0,396291613578796;0,408660170473524
"730";0,182165652513504;0,178764211281603
"731";0,781887173652649;0,787215310452328
"732";0,446774840354919;0,43896932383784
"733";0,290542989969254;0,233815530657606
"734";0,576962351799011;0,541443128069575
"735";0,308953255414963;0,298145162287991
"736";0,415325343608856;0,380619048993612
"737";0,536968350410461;0,468041368901572
"738";0,199978560209274;0,210310472946503
"739";0,182083204388618;0,168042606009872
"740";0,322902947664261;0,36268097863514
"741";0,297404885292053;0,249485569131674
"742";0,257921934127808;0,452577515144267
"743";0,176535502076149;0,103094420229195
"744";0,362025707960129;0,328041946218778
"745";0,178019404411316;0,147424134333467
"746";0,276816040277481;0,265980346472798
"747";0,203647747635841;0,234846454241426
"748";0,746240139007568;0,719380538636954
"749";0,420363157987595;0,380412864276848
"750";0,297718435525894;0,321650219999093
"751";0,187071532011032;0,160413771489602
"752";0,309161990880966;0,305773996808261
"753";0,731796324253082;0,896905579770805
"754";0,614431202411652;0,561855415029216
"755";0,217099070549011;0,256702034218416
"756";0,484648168087006;0,570515173133307
"757";0,264876395463943;0,307423474542373
"758";0,303575128316879;0,187217784668929
"759";0,340303719043732;0,315052309062643
"760";0,119850426912308;0,0835068721366097
"761";0,323208093643188;0,335876965455813
"762";0,469832628965378;0,35814491486633
"763";0,222639471292496;0,268454563073967
"764";0,30646014213562;0,323505882449969
"765";0,316467970609665;0,33319656413788
"766";0,612338244915009;0,648246811353355
"767";0,425009876489639;0,460412534381302
"768";0,726626336574554;1
"769";0,396614879369736;0,375464431074511
"770";0,309257030487061;0,308454398126193
"771";0,453237742185593;0,495670120947955
"772";0,42278727889061;0,474020725687729
"773";0,326756089925766;0,34288724582579
"774";0,380788743495941;0,472989802103909
"775";0,407014667987823;0,438763139121076
"776";0,820478916168213;1
"777";0,799329042434692;0,868864458290894
"778";0,149592936038971;0,159176663189018
"779";0,268301963806152;0,219176415767358
"780";0,208943739533424;0,165362204691939
"781";0,402608036994934;0,263093760438101
"782";0,293769508600235;0,279176168345698
"783";0,572633266448975;0,613195409503466
"784";0,882470309734344;0,824122374753094
"785";0,946216404438019;1
"786";0,210221737623215;0,281031830796574
"787";0,262249201536179;0,27216588797572
"788";0,583960890769958;0,472577432670381
"789";0,212653979659081;0,230516575189381
"790";0,382382988929749;0,310103875860306
"791";0,506164014339447;0,506804095653214
"792";0,42633455991745;0,515463853757304
"793";0,253622353076935;0,288042111166552
"794";0,605251848697662;0,65814367775803
"795";0,267007350921631;0,299382270588575
"796";0,108549073338509;0,125774739073241
"797";0,0819066092371941;0,0863934581713065
"798";0,782438158988953;1
"799";0,130071714520454;0,0841254262869019
"800";0,450406849384308;0,525773089595507
"801";0,10636880248785;0,0309297693617758
"802";0,233273431658745;0,247423721964033
"803";0,308023244142532;0,365155195236308
"804";0,551332414150238;0,603917097249083
"805";0,79083126783371;1
"806";0,181447625160217;0,148661242634051
"807";0,941272914409637;0,931338427470402
"808";0,309780210256577;0,299588455305339
"809";0,19135807454586;0,237320670842594
"810";0,407950222492218;0,716493952602257
"811";0,516995072364807;0,381443787860669
"812";0,369653552770615;1
"813";0,351746171712875;0,308454398126193
"814";0,309531301259995;0,216496014449425
"815";0,166091874241829;0,121238675304432
"816";0,292930483818054;0,309485321710014
"817";0,361127763986588;0,350103710912532
"818";0,262673825025558;0,166599312992524
"819";0,698979139328003;1
"820";0,584654152393341;0,639174683815737
"821";0,974456548690796;1
"822";0,258426785469055;0,31031006057707
"823";0,54403829574585;0,593814046127645
"824";0,313053667545319;0,455876470612492
"825";0,99320924282074;1
"826";0,302455574274063;0,345773831860487
"827";0,356534391641617;0,595669708578521
"828";0,130484983325005;0,0810326555354411
"829";0,786647617816925;1
"830";0,0982128232717514;0,0884553053389471
"831";0,499696850776672;0,427835349132581
"832";0,305161386728287;0,298145162287991
"833";0,399690002202988;0,407216877456175
"834";0,124505452811718;0,209691918796211
"835";0,266890317201614;0,257114403651944
"836";0,131058931350708;0,154640599420209
"837";0,281591147184372;0,228867097455268
"838";0,281522780656815;0,233403161224077
"839";0,439750641584396;0,447010527791638
"840";0,253781080245972;0,291341066634777
"841";0,0720954239368439;0,0756718528995757
"842";0,284343272447586;0,326186283767902
"843";0,502803802490234;0,344949092993431
"844";0,607765257358551;0,59917484876351
"845";0,388495117425919;0,328866685085835
"846";0,470829039812088;0,396701456901209
"847";0,872899234294891;0,702267207145538
"848";0,631982326507568;0,712370258266976
"849";0,268766433000565;0,259176250819584
"850";0,852322697639465;1
"851";0,205152079463005;0,252578339883134
"852";0,156002223491669;0,142681885847893
"853";0,290644526481628;0,321237850565565
"854";0,088573157787323;0,0876305664718908
"855";0,255357801914215;0,205362039744166
"856";0,119363829493523;0,127630401524117
"857";0,928808629512787;1
"858";0,139437690377235;0,162063249223715
"859";0,243486851453781;0,171960115628389
"860";0,776453971862793;0,703091946012594
"861";0,774562895298004;0,786390571585272
"862";0,402196377515793;0,583298625572678
"863";0,233027890324593;0,152784936969332
"864";0,24396938085556;0,214021797848256
"865";0,836840152740479;0,835668718891881
"866";0,164476677775383;0,15876429375549
"867";0,729584574699402;0,761648405573585
"868";0,454330295324326;0,304124519074148
"869";0,755802154541016;0,850720203215657
"870";0,293357223272324;0,313815200762059
"871";0,576917946338654;0,578144007653577
"872";0,354477137327194;0,408660170473524
"873";0,501699686050415;0,499587630566472
"874";0,313593089580536;0,253196894033427
"875";0,238378301262856;0,264330868738686
"876";0,338182240724564;0,311959538311182
"877";0,398343473672867;0,237526855559359
"878";0,525080978870392;0,51422674545672
"879";0,239945575594902;0,252578339883134
"880";0,11730283498764;0,100001649477734
"881";0,326355814933777;0,322268774149385
"882";0,744012057781219;0,778349367631474
"883";0,367101758718491;0,415876635560266
"884";0,269830256700516;0,332784194704352
"885";0,411275833845139;0,316289417363227
"886";0,680732488632202;0,82391619003633
"887";0,446541249752045;0,528659675630204
"888";0,227636218070984;0,25134123158255
"889";0,218491420149803;0,210722842380031
"890";0,29637286067009;0,230310390472617
"891";0,135930299758911;0,114434579651218
"892";0,817473471164703;0,783710170267339
"893";0,482280641794205;0,458969241363953
"894";0,611347317695618;0,669483837180053
"895";0,458201199769974;0,432989967051682
"896";0,559821903705597;0,689896124139694
"897";0,256129086017609;0,331959455837296
"898";0,373898029327393;0,313196646611767
"899";0,0933094397187233;0,13587779019468
"900";0,809174299240112;1
"901";0,199172049760818;0,165980758842232
"902";0,273670017719269;0,282475123813922
"903";0,323469519615173;0,432989967051682
"904";0,145652309060097;0,116496426818858
"905";0,716389417648315;0,681236366035604
"906";0,480237871408463;0,3474233095946
"907";0,238685414195061;0,407216877456175
"908";0,20150101184845;0,309279136993249
"909";0,471786677837372;0,502268031884405
"910";0,0985600501298904;0,0946408468418687
"911";0,134624466300011;0,128042770957646
"912";0,243220463395119;0,308454398126193
"913";0,473245710134506;0,457113578913077
"914";0,13105870783329;0,136702529061736
"915";0,299221873283386;0,36268097863514
"916";0,554732859134674;0,452989884577796
"917";0,137625649571419;0,0944346621251046
"918";0,355153173208237;0,509484496971147
"919";0,725545585155487;0,575669791052408
"920";0,907158255577087;1
"921";0,560132384300232;0,478556789456538
"922";0,170948028564453;0,149485981501107
"923";0,747868061065674;1
"924";0,110472276806831;0,113609840784162
"925";0,172263339161873;0,250516492715494
"926";0,25894570350647;0,336701704322869
"927";0,489604771137238;0,499175261132944
"928";0,0746399462223053;0,102682050795667
"929";0,307795107364655;0,335464596022284
"930";0,629070460796356;0,695875480925852
"931";0,690390408039093;0,570102803699779
"932";0,279446870088577;0,411546756508221
"933";0,298030197620392;0,198145574657424
"934";0,230661228299141;0,192372402588031
"935";0,376928240060806;0,354845959398106
"936";0,132797330617905;0,123300522472072
"937";0,342700839042664;0,312784277178238
"938";0,11481624096632;0,0793831778013287
"939";0,251143723726273;0,109692331165645
"940";0,399605125188828;0,291341066634777
"941";0,238733515143394;0,254640187050775
"942";0,467470288276672;0,296701869270642
"943";0,501100420951843;0,572164650867419
"944";0,124770097434521;0,115465503235038
"945";0,355684846639633;0,767421577642979
"946";0,590818583965302;0,553195656925126
"947";0,185542464256287;0,164331281108119
"948";0,678135752677917;0,557525535977171
"949";0,733441472053528;0,424536393664356
"950";0,452749878168106;0,597937740462926
"951";0,226027309894562;0,163300357524299
"952";0,415812104940414;0,399175673502377
"953";0,264863878488541;0,208867179929155
"954";0,305976420640945;0,293609098519181
"955";0,198757112026215;0,192784772021559
"956";0,763241589069366;0,611958301202882
"957";0,231962263584137;0,267629824206911
"958";0,292943030595779;0,287011187582732
"959";0,586346626281738;0,685360060370885
"960";0,236168295145035;0,184949752784525
"961";0,15084519982338;0,148455057917287
"962";0,469190090894699;0,463092935699234
"963";0,420764148235321;0,504948433202337
"964";0,230342224240303;0,197733205223896
"965";0,421558797359467;0,353402666380757
"966";0,607365727424622;1
"967";0,275949835777283;0,265980346472798
"968";0,086285799741745;0,0962903245759811
"969";0,693117439746857;0,489278394728269
"970";0,440663993358612;0,366186118820129
"971";0,330854088068008;0,397526195768265
"972";0,253914207220078;0,177320918264255
"973";0,301430016756058;0,418350852161434
"974";0,349837422370911;0,300413194172395
"975";0,084885448217392;0,069486311396654
"976";0,272995680570602;0,209073364645919
"977";0,784744441509247;0,533814293549305
"978";0,909243643283844;1
"979";0,20115453004837;0,143712809431714
"980";0,998472929000854;1
"981";0,194250911474228;0,136702529061736
"982";0,245078921318054;0,20556822446093
"983";0,293728917837143;1
"984";0,28132501244545;0,239176333293471
"985";0,182138368487358;0,201444530125649
"986";0,238119021058083;0,155259153570501
"987";0,610165119171143;0,565566739930969
"988";0,546410202980042;0,504329879052045
"989";0,319520622491837;0,281650384946866
"990";0,437068849802017;0,459793980231009
"991";0,204600647091866;0,160001402056074
"992";0,715792953968048;0,625154123075781
"993";0,289269238710403;0,355670698265162
"994";0,394871741533279;0,368041781271005
"995";0,197359085083008;0,215671275582369
"996";0,320498675107956;0,396701456901209
"997";0,520842492580414;0,592164568393532
"998";0,522009789943695;0,511546344138787
"999";0,493771374225616;0,492577350196494
"1000";0,141634032130241;0,119589197570319
"1001";0,666399121284485;0,708658933365223
"1002";0,431527197360992;0,407216877456175
"1003";0,693936049938202;0,793813221388778
"1004";0,331238448619843;0,405155030288535
"1005";0,360826581716537;0,516494777341124
"1006";0,399385154247284;0,349897526195768
"1007";0,284192979335785;0,265155607605742
"1008";0,105950139462948;0,104743897963307
"1009";0,523478388786316;0,514845299607012
"1010";0,261907935142517;0,214021797848256
"1011";0,181070521473885;0,0773213306336881
"1012";0,432964712381363;0,391753023698871
"1013";0,430389672517776;0,429691011583457
"1014";0,179126411676407;0,162475618657243
"1015";0,434317916631699;0,399381858219141
"1016";0,774895787239075;0,725153710706348
"1017";0,126761317253113;0,113197471350634
"1018";0,305045127868652;0,27319681155954
"1019";0,113389566540718;0,119589197570319
"1020";0,183049216866493;0,154434414703445
"1021";0,491253197193146;0,452371330427503
"1022";0,42411857843399;0,388247883513882
"1023";0,434294581413269;0,381443787860669
"1024";0,212648004293442;0,161238510356658
"1025";0,787899434566498;0,662885926243603
"1026";0,701550185680389;0,94700846594447
"1027";0,20846039056778;0,305361627374732
"1028";0,706798195838928;1
"1029";0,16459946334362;0,119383012853555
"1030";0,491815567016602;0,525154535445215
"1031";0,114247396588326;0,107011929847712
"1032";0,243813648819923;0,198351759374188
"1033";0,330773532390594;0,330722347536711
"1034";0,447861880064011;0,466391891167459
"1035";0,15887039899826;0,137527267928792
"1036";0,393011510372162;0,396907641617973
"1037";0,622644066810608;0,619793320439916
"1038";0,142982602119446;0,148042688483759
"1039";0,134128764271736;0,117527350402679
"1040";0,570692181587219;0,538556542034878
"1041";0,300728917121887;0,161032325639894
"1042";0,0841560140252113;0,0884553053389471
"1043";0,226114749908447;0,164949835258411
"1044";0,343690037727356;0,322268774149385
"1045";0,677401781082153;0,790720450637317
"1046";0,128050610423088;0,12165104473796
"1047";0,400217473506927;0,329897608669655
"1048";0,318100154399872;1
"1049";0,52469128370285;0,424948763097884
"1050";0,29992002248764;0,484536146242696
"1051";0,161300629377365;0,104331528529779
"1052";0,227419823408127;0,253815448183719
"1053";0,411615908145905;0,26453705345545
"1054";0,641961634159088;0,501443293017348
"1055";0,193022191524506;0,16639312827576
"1056";0,589893817901611;0,550721440323957
"1057";0,140246644616127;0,138764376229376
"1058";0,208907559514046;0,16639312827576
"1059";0,161402061581612;0,25897006610282
"1060";0,992840230464935;1
"1061";0,943378865718842;1
"1062";0,208464950323105;0,112166547766813
"1063";0,389379501342773;0,394433425016804
"1064";0,279308050870895;0,214021797848256
"1065";0,139223948121071;0,0884553053389471
"1066";0,273574203252792;0,304124519074148
"1067";0,279298156499863;0,236702116692302
"1068";0,11029826849699;0,0985583564603857
"1069";0,411154866218567;0,284124601548035
"1070";0,322402954101562;0,258557696669292
"1071";0,168652877211571;0,155465338287265
"1072";0,635358691215515;0,680205442451784
"1073";0,232358187437057;0,140826223397017
"1074";0,652062594890594;0,484536146242696
"1075";0,135938704013824;0,0676306489457775
"1076";0,962682366371155;1
"1077";0,977919042110443;0,828246069088375
"1078";0,198009118437767;0,432989967051682
"1079";0,682888150215149;0,618350027422567
"1080";0,995930850505829;1
"1081";0,675779223442078;0,633401511746343
"1082";0,6573406457901;0,672988977365042
"1083";0,164106845855713;0,250722677432258
"1084";0,210005939006805;0,254021632900483
"1085";0,185755282640457;0,182269351466592
"1086";0,439660400152206;0,500618554150292
"1087";0,624567210674286;0,536288510150474
"1088";0,338164091110229;0,381443787860669
"1089";0,124071203172207;0,103919159096251
"1090";0,336531490087509;0,315877047929699
"1091";0,222989499568939;0,185568306934817
"1092";0,114804610610008;0,11505313380151
"1093";0,328018724918365;0,334021303004936
"1094";0,292659163475037;0,254640187050775
"1095";0,264284819364548;0,315052309062643
"1096";0,608354330062866;0,872163413759119
"1097";0,26177391409874;0,285567894565383
"1098";0,528048157691956;0,904328229574311
"1099";0,378478288650513;0,387423144646826
"1100";0,35801500082016;0,42268073121348
"1101";0,355755776166916;0,315670863212935
"1102";0,244361504912376;0,363093348068668
"1103";0,16049912571907;0,21979496991765
"1104";0,167328596115112;0,173403408645738
"1105";0,231154337525368;0,186805415235401
"1106";0,535615384578705;0,434227075352267
"1107";0,177281752228737;0,0764965917666319
"1108";0,224553659558296;0,294227652669474
"1109";0,444655328989029;0,481855744924763
"1110";0,178656071424484;0,152372567535804
"1111";0,193929955363274;0,164537465824883
"1112";0,266687542200089;0,32659865320143
"1113";0,104575112462044;0,0903109677898235
"1114";0,6784588098526;0,561855415029216
"1115";0,31787109375;0,263712314588393
"1116";0,201836884021759;0,173609593362502
"1117";0,613134622573853;0,576906899352992
"1118";0,62800920009613;0,778967921781766
"1119";0,946890294551849;0,954224931031212
"1120";0,3495953977108;0,331547086403767
"1121";0,128464534878731;0,149485981501107
"1122";0,16071543097496;0,185980676368345
"1123";0,317385971546173;0,690720863006751
"1124";0,503129065036774;0,896905579770805
"1125";0,337939381599426;0,304124519074148
"1126";0,411656886339188;0,450515667976627
"1127";0,092416375875473;0,111135624182993
"1128";0,587033689022064;0,650927212671288
"1129";0,214935675263405;0,209485734079447
"1130";0,30003759264946;0,28742355701626
"1131";0,161125436425209;0,138145822079084
"1132";0,295120298862457;0,368247965987769
"1133";0,295309603214264;0,37134073673923
"1134";0,319137334823608;0,305773996808261
"1135";0,354049861431122;0,411752941224985
"1136";0,185268014669418;0,103094420229195
"1137";0,466371029615402;0,50103092358382
"1138";0,36635559797287;0,206186778611222
"1139";0,0921016186475754;0,0657749864949011
"1140";0,19499160349369;0,160001402056074
"1141";0,483506947755814;0,530309153364316
"1142";0,997485637664795;1
"1143";0,12509298324585;0,113403656067398
"1144";0,131169259548187;0,127011847373825
"1145";0,22101004421711;0,173403408645738
"1146";0,104542657732964;0,14556847188259
"1147";0,229585975408554;0,254021632900483
"1148";0,337515205144882;0,344536723559903
"1149";0,647662401199341;0,452165145710739
"1150";0,110563352704048;0,158145739605198
"1151";0,563623368740082;0,616700549688455
"1152";0,596886038780212;0,365361379953072
"1153";0,730131983757019;0,804534826660509
"1154";0,161129757761955;0,139795299813197
"1155";0,990407645702362;0,933194089921279
"1156";0,520725071430206;0,463092935699234
"1157";0,316766440868378;0,165362204691939
"1158";0,398757368326187;0,291341066634777
"1159";0,197583749890327;0,210722842380031
"1160";0,324285238981247;0,288660665316844
"1161";0,263715475797653;0,164949835258411
"1162";0,318311721086502;0,311753353594418
"1163";0,429318964481354;0,520412286959641
"1164";0,909238874912262;1
"1165";0,48790630698204;0,537525618451058
"1166";0,392200648784637;0,428660087999637
"1167";0,293305546045303;0,318763633964396
"1168";0,276631653308868;0,309485321710014
"1169";0,286763787269592;0,34845423317842
"1170";0,243988111615181;0,33979447507433
"1171";0,445581138134003;0,30371214964062
"1172";0,104126155376434;0,118558273986499
"1173";0,140252277255058;0,118764458703263
"1174";0,477117925882339;0,616081995538163
"1175";0,448745787143707;0,346392386010779
"1176";0,29884284734726;0,257320588368708
"1177";0,209785789251328;0,198557944090952
"1178";0,240887761116028;0,195258988622727
"1179";0,235256686806679;0,300619378889159
"1180";0,281702697277069;0,197733205223896
"1181";0,310867100954056;0,288866850033608
"1182";0,417357742786407;0,422474546496715
"1183";0,235222965478897;0,25134123158255
"1184";0,520729720592499;0,606597498567016
"1185";0,321779161691666;0,248660830264617
"1186";0,459055304527283;0,52082465639317
"1187";0,178721860051155;0,158145739605198
"1188";0,979290544986725;1
"1189";0,470918715000153;0,432989967051682
"1190";0,47066056728363;0,398350934635321
"1191";0,224740609526634;0,221032078218234
"1192";0,26059153676033;0,29608331512035
"1193";0,0903248265385628;0,111341808899757
"1194";0,126278936862946;0,121857229454724
"1195";0,178043469786644;0,252578339883134
"1196";0,952187180519104;0,979998020626719
"1197";0,291242718696594;0,254021632900483
"1198";0,608596205711365;0,750514430868326
"1199";0,11040411144495;0,0911357066568798
"1200";0,13532155752182;0,163506542241063
"1201";0,237546473741531;0,278351429478641
"1202";0,361134022474289;0,321237850565565
"1203";0,339414924383163;0,365361379953072
"1204";0,260095059871674;0,454845547028672
"1205";0,347175508737564;0,27422773514336
"1206";0,401804149150848;0,602061434798207
"1207";0,192097693681717;0,162063249223715
"1208";0,618273794651031;0,561855415029216
"1209";0,527747094631195;0,603298543098791
"1210";0,425761789083481;0,360619131467499
"1211";0,315056651830673;0,324742990750554
"1212";0,614434659481049;0,687009538104998
"1213";0,464007049798965;0,532577185248721
"1214";0,997207224369049;1
"1215";0,307929128408432;0,188248708252749
"1216";0,245332911610603;0,287011187582732
"1217";0,426566511392593;0,331340901687003
"1218";0,149044126272202;0,118145904552971
"1219";0,153841242194176;0,104950082680071
"1220";0,214875340461731;0,264330868738686
"1221";0,880429565906525;0,883091203747613
"1222";0,0953954979777336;0,0703110502637102
"1223";0,429063469171524;0,512577267722607
"1224";0,203759282827377;0,15876429375549
"1225";0,300204753875732;0,232990791790549
"1226";0,351625055074692;0,534639032416361
"1227";0,927425861358643;1
"1228";0,329277217388153;0,346186201294015
"1229";0,645699083805084;0,841029521527746
"1230";0,131903737783432;0,136702529061736
"1231";0,250324964523315;0,34288724582579
"1232";0,746979296207428;0,688865200555874
"1233";0,439032375812531;0,452989884577796
"1234";0,870459496974945;1
"1235";0,298764228820801;0,358763469016623
"1236";0,338333368301392;0,372784029756578
"1237";0,365309298038483;0,322268774149385
"1238";0,5595782995224;0,72020527750401
"1239";0,942649781703949;0,847627432464196
"1240";0,297597914934158;0,283712232114507
"1241";0,549698948860168;0,518350439792001
"1242";0,968067407608032;1
"1243";0,710217595100403;0,618762396856095
"1244";0,147455468773842;0,162475618657243
"1245";0,192685291171074;0,338557366773745
"1246";0,639055728912354;0,530309153364316
"1247";0,225848764181137;0,261238097987225
"1248";0,660556554794312;0,62865926326077
"1249";0,163722932338715;0,215877460299133
"1250";0,251022338867188;0,255258741201067
"1251";0,444490730762482;0,375258246357747
"1252";0,146414950489998;0,186393045801873
"1253";0,42033863067627;0,378351017109208
"1254";0,206757396459579;0,166186943558996
"1255";0,443681299686432;0,444742495907233
"1256";0,232965335249901;0,28082564607981
"1257";0,404544532299042;0,385773666912714
"1258";0,907041192054749;0,775875151030305
"1259";0,820110201835632;0,814019323631655
"1260";0,141971290111542;0,0975274328765655
"1261";0,226698189973831;0,20453730087711
"1262";0,346318900585175;0,336495519606105
"1263";0,738066017627716;0,868245904140601
"1264";0,325598657131195;0,251753601016078
"1265";0,206065505743027;0,15422822998668
"1266";0,259867191314697;0,246598983096977
"1267";0,536194682121277;0,545566822404856
"1268";0,450166404247284;0,428866272716401
"1269";0,125823080539703;0,183918829200704
"1270";0,36412125825882;0,32556772961761
"1271";0,387631922960281;0,529896783930788
"1272";0,125881418585777;0,0892800442060033
"1273";0,220822110772133;0,214021797848256
"1274";0,0597559958696365;0,0991769106106779
"1275";0,159628093242645;0,150929274518456
"1276";0,505461454391479;0,506185541502922
"1277";0,493310123682022;0,488041286427685
"1278";0,0801005363464355;0,0818573944024973
"1279";0,170938313007355;0,164125096391355
"1280";0,284890174865723;0,277526690611585
"1281";0,15447998046875;0,188248708252749
"1282";0,293539643287659;0,225155772553515
"1283";0,280814230442047;0,328041946218778
"1284";0,309221059083939;0,267217454773382
"1285";0,127745419740677;0,168867344876928
"1286";0,247890159487724;0,198145574657424
"1287";0,304180920124054;0,358557284299859
"1288";0,335550040006638;0,275464843443945
"1289";0,590790152549744;1
"1290";0,507402002811432;0,437113661386963
"1291";0,240980803966522;0,209898103512975
"1292";0,502102255821228;0,351340819213117
"1293";0,586427688598633;0,701442468278481
"1294";0,311199694871902;0,420618884045839
"1295";0,589915215969086;0,53608232543371
"1296";0,284963130950928;0,344536723559903
"1297";0,398489981889725;0,276083397594237
"1298";0,809623420238495;0,744328889365405
"1299";0,358995378017426;0,415876635560266
"1300";0,347428113222122;0,405979769155591
"1301";0,410517752170563;0,454845547028672
"1302";0,470209985971451;0,350722265062825
"1303";0,475383996963501;0,341650137525206
"1304";0,323628157377243;0,34288724582579
"1305";0,268866062164307;0,196496096923312
"1306";0,180858641862869;0,355670698265162
"1307";0,97758537530899;1
"1308";0,534414768218994;0,633607696463107
"1309";0,532697379589081;0,77917410649853
"1310";0,441894561052322;0,514432930173484
"1311";0,300271660089493;0,231341314056437
"1312";0,428491115570068;0,403917921987951
"1313";0,228833675384521;0,176908548830726
"1314";0,613641023635864;0,539381280901934
"1315";0,483294159173965;0,516082407907596
"1316";0,449807047843933;0,379381940693028
"1317";0,116870082914829;0,119176828136791
"1318";0,323546320199966;0,569484249549486
"1319";0,483455032110214;0,534020478266069
"1320";0,182037606835365;0,137321083212028
"1321";0,079181045293808;0,0812388402522052
"1322";0,286780178546906;0,521649395260226
"1323";0,69738781452179;0,728452666174572
"1324";0,237199485301971;0,187011599952165
"1325";0,261361867189407;0,252578339883134
"1326";0,164634987711906;0,26556797703927
"1327";0,204709470272064;0,181032243166008
"1328";0,540373802185059;0,639174683815737
"1329";0,632184565067291;0,549071962589845
"1330";0,244803339242935;0,251959785732842
"1331";0,343979090452194;0,288660665316844
"1332";0,474551409482956;0,389484991814467
"1333";0,680502474308014;0,575669791052408
"1334";0,341834664344788;0,410928202357928
"1335";0,474268078804016;0,496082490381483
"1336";0,224432289600372;0,171341561478097
"1337";0,433349996805191;0,338763551490509
"1338";0,456590890884399;0,284743155698327
"1339";0,182166010141373;0,217733122750009
"1340";0,217770233750343;0,360206762033971
"1341";0,371899843215942;0,371959290889522
"1342";0,158156514167786;0,153815860553152
"1343";0,246997326612473;0,240001072160527
"1344";0,354275435209274;0,438763139121076
"1345";0,292584151029587;0,289279219467136
"1346";0,795657575130463;0,867421165273545
"1347";0,209284424781799;0,157114816021377
"1348";0,105241924524307;0,0936099232580484
"1349";0,427277803421021;0,441855909872537
"1350";0,200693413615227;0,320619296415273
"1351";0,295961767435074;0,417319928577614
"1352";0,327437877655029;0,264743238172214
"1353";0,251881152391434;0,293402913802417
"1354";0,186229363083839;0,137527267928792
"1355";0,470057457685471;0,502474216601169
"1356";0,666762888431549;0,817112094383116
"1357";0,952293753623962;1
"1358";0,467017441987991;0,62206135232432
"1359";0,833425462245941;0,626597416093129
"1360";0,164967685937881;0,162475618657243
"1361";0,614869356155396;0,669483837180053
"1362";0,249772980809212;0,278557614195405
"1363";0,123067818582058;0,119176828136791
"1364";0,271782696247101;0,271134964391899
"1365";0,255700409412384;0,333815118288172
"1366";0,279388308525085;0,272990626842776
"1367";0,625120997428894;0,849276910198308
"1368";0,541613876819611;0,594020230844409
"1369";0,0940695330500603;0,0721667127145867
"1370";0,446611046791077;0,437732215537255
"1371";0,484235167503357;0,329897608669655
"1372";0,204130262136459;0,201032160692121
"1373";0,372917711734772;0,162475618657243
"1374";0,142735213041306;0,110104700599173
"1375";0,167099639773369;0,132372650009691
"1376";0,358437716960907;0,061857476876384
"1377";0,202145949006081;0,197733205223896
"1378";0,321154803037643;0,353608851097521
"1379";0,250665962696075;0,232578422357021
"1380";0,332942873239517;0,349072787328712
"1381";0,474668979644775;0,512164898289079
"1382";0,435557782649994;0,462680566265706
"1383";0,238390162587166;0,189485816553334
"1384";0,507305562496185;0,494226827930606
"1385";0,588285446166992;0,524742166011687
"1386";0,953646838665009;1
"1387";0,32947114109993;0,331959455837296
"1388";0,510935604572296;0,487628916994157
"1389";0,682034015655518;0,64391693230131
"1390";0,696788311004639;0,648452996070119
"1391";0,477288275957108;0,668246728879469
"1392";0,30733385682106;0,372165475606286
"1393";0,695662081241608;0,639174683815737
"1394";0,44426029920578;0,432989967051682
"1395";0,505137741565704;0,537937987884586
"1396";0,225200295448303;0,304124519074148
"1397";0,430184990167618;0,354227405247813
"1398";0,198882281780243;0,217114568599717
"1399";0,51098895072937;0,443299202889885
"1400";0,124232359230518;0,0593832602752154
"1401";0,414178103208542;0,407423062172939
"1402";0,200113788247108;0,208454810495627
"1403";0,410495817661285;0,336495519606105
"1404";0,183384299278259;0,0824759485527895
"1405";0,111707456409931;0,214021797848256
"1406";0,277498871088028;0,300413194172395
"1407";0,791171610355377;0,685566245087649
"1408";0,401772737503052;0,428453903282873
"1409";0,278394132852554;0,266805085339854
"1410";0,612988948822021;0,510309235838203
"1411";0,48892930150032;0,381443787860669
"1412";0,257463693618774;0,186805415235401
"1413";0,584408640861511;0,565979109364497
"1414";0,253801226615906;0,160413771489602
"1415";0,0722896084189415;0,0550533812231702
"1416";0,330120921134949;0,33216564055406
"1417";0,815629839897156;0,804122457226981
"1418";0,44179704785347;0,434639444785795
"1419";0,443891495466232;0,470927954936268
"1420";0,36541223526001;0,329897608669655
"1421";0,214276805520058;0,151754013385512
"1422";0,386405348777771;0,462268196832178
"1423";0,19886077940464;0,190104370703626
"1424";0,43805131316185;0,275052474010416
"1425";0,429167568683624;0,446804343074874
"1426";0,114585511386395;0,0830945027030816
"1427";0,447992652654648;0,35711399128251
"1428";0,560167610645294;0,638349944948681
"1429";0,180650606751442;0,410928202357928
"1430";0,162520557641983;0,142475701131129
"1431";0,267571568489075;0,302475041340036
"1432";0,239853739738464;0,216702199166189
"1433";0,246422737836838;0,229898021039088
"1434";0,270074605941772;0,196702281640076
"1435";0,238012388348579;0,210104288229739
"1436";0,229614824056625;0,300825563605923
"1437";0,316960602998734;0,284743155698327
"1438";0,256394922733307;0,226805250287628
"1439";0,120040334761143;0,173815778079266
"1440";0,485309541225433;0,508247388670562
"1441";0,135773167014122;0,135259236044387
"1442";0,377682447433472;0,550721440323957
"1443";0,216945931315422;0,213403243697964
"1444";0,389236122369766;0,329485239236127
"1445";0,236108779907227;0,294021467952709
"1446";0,754939675331116;0,68762809225529
"1447";0,506296396255493;0,456701209479549
"1448";0,494913518428802;0,434845629502559
"1449";0,343981146812439;0,526804013179327
"1450";0,990721821784973;1
"1451";0,393568456172943;0,243918581779044
"1452";0,301994115114212;0,252578339883134
"1453";0,29572582244873;0,239794887443763
"1454";0,282096922397614;0,215258906148841
"1455";0,391168922185898;0,388454068230646
"1456";0,132155820727348;0,119795382287083
"1457";0,368515878915787;0,329279054519363
"1458";0,343239814043045;0,388247883513882
"1459";0,20587195456028;0,172991039212209
"1460";0,543899118900299;0,604329466682612
"1461";0,261683523654938;0,286392633432439
"1462";0,311005204916;0,19793938994066
"1463";0,45248806476593;0,371753106172758
"1464";0,621205627918243;0,51628859262436
"1465";0,368965059518814;0,608865530451421
"1466";0,326994657516479;0,354021220531049
"1467";0,451430767774582;0,631752034012231
"1468";0,985559344291687;1
"1469";0,275289326906204;0,238351594426415
"1470";0,559562981128693;0,491546426612674
"1471";0,600436806678772;0,511546344138787
"1472";0,266577512025833;0,221238262934998
"1473";0,302265763282776;0,336289334889341
"1474";0,231392979621887;0,183300275050412
"1475";0,202404543757439;0,173197223928973
"1476";0,704699635505676;0,648246811353355
"1477";0,332309573888779;0,323712067166733
"1478";0,127071052789688;0,139176745662904
"1479";0,239164397120476;0,149485981501107
"1480";0,350090742111206;0,386186036346242
"1481";0,116521641612053;0,166599312992524
"1482";0,840855002403259;0,87834895526204
"1483";0,601811170578003;0,671958053781222
"1484";0,227802410721779;0,233196976507313
"1485";0,328638315200806;0,297732792854462
"1486";0,413434356451035;0,502886586034697
"1487";0,2962746322155;0,317114156230284
"1488";0,231238752603531;0,206805332761514
"1489";0,228192687034607;0,268042193640439
"1490";0,173303365707397;0,376495354658331
"1491";0,226374611258507;0,304124519074148
"1492";0,289824813604355;0,241031995744347
"1493";0,182215318083763;0,178351841848075
"1494";0,280940413475037;0,230928944622909
"1495";0,729018986225128;0,532577185248721
"1496";0,556646585464478;0,648452996070119
"1497";0,443290919065475;0,354433589964577
"1498";0,117019630968571;0,112166547766813
"1499";0,886222660541534;0,735875315978078
"1500";0,849010825157166;1
"1501";0,436578541994095;0,360619131467499
"1502";0,229910612106323;0,304124519074148
"1503";0,300786375999451;0,297320423420934
"1504";0,430718421936035;0,450103298543099
"1505";0,21690259873867;0,174434332229558
"1506";0,561924815177917;0,5447420835378
"1507";0,162665799260139;0,13793963736232
"1508";0,302686601877213;0,401237520670018
"1509";0,411238670349121;0,404742660855007
"1510";0,651832461357117;0,66680343586212
"1511";0,324275404214859;0,289897773617428
"1512";0,482978492975235;0,328248130935543
"1513";0,371854513883591;0,373196399190106
"1514";0,35822981595993;0,304124519074148
"1515";0,916637599468231;1
"1516";0,313227415084839;0,291341066634777
"1517";0,451021879911423;0,429278642149929
"1518";0,719768106937408;0,601442880647915
"1519";0,34512197971344;0,43896932383784
"1520";0,914249956607819;0,909070478059884
"1521";0,14369161427021;0,107011929847712
"1522";0,267514586448669;0,2894854041839
"1523";0,37139829993248;0,593607861410881
"1524";0,590162634849548;0,310516245293834
"1525";0,715038359165192;0,732163991076325
"1526";0,600272119045258;0,671339499630929
"1527";0,465893626213074;0,533195739399013
"1528";0,417194396257401;0,639587053249265
"1529";0,603643655776978;0,725153710706348
"1530";0,445326000452042;0,413608603675861
"1531";0,258220493793488;0,251753601016078
"1532";0,102040506899357;0,0445379606682034
"1533";0,279336273670197;0,309485321710014
"1534";0,575164556503296;0,672782792648278
"1535";0,699041068553925;0,751751539168911
"1536";0,552314221858978;0,554845134659239
"1537";0,744762599468231;0,640617976833085
"1538";0,360018014907837;0,458763056647189
"1539";0,364561259746552;0,375258246357747
"1540";0,327923506498337;0,295258576253294
"1541";0,264836102724075;0,308660582842957
"1542";0,195623263716698;0,15216638281904
"1543";0,245046555995941;0,210929027096795
"1544";0,511544585227966;0,490721687745618
"1545";0,573491334915161;0,557525535977171
"1546";0,18570601940155;0,109692331165645
"1547";0,372614115476608;0,407010692739411
"1548";0,0858312100172043;0,0785584389342724
"1549";0,281755864620209;0,195465173339491
"1550";0,681864619255066;0,803710087793452
"1551";0,588930547237396;0,716906322035785
"1552";0,548614978790283;0,578556377087105
"1553";0,315888583660126;0,283918416831271
"1554";0,416653871536255;0,499793815283236
"1555";0,998593032360077;1
"1556";0,16012305021286;0,173815778079266
"1557";0,524865627288818;0,819586310984285
"1558";0,441096663475037;0,461237273248358
"1559";0,261981397867203;0,262475206287809
"1560";0,359952747821808;0,492577350196494
"1561";0,232621699571609;0,149485981501107
"1562";0,48936265707016;0,605360390266432
"1563";0,236664101481438;0,178351841848075
"1564";0,427794814109802;0,343299615259319
"1565";0,278155118227005;0,169692083743985
"1566";0,190568268299103;0,128455140391174
"1567";0,208120763301849;0,155671523004029
"1568";0,868020832538605;0,686184799237941
"1569";0,623529434204102;0,508247388670562
"1570";0,329857349395752;0,0657749864949011
"1571";0,288582593202591;0,287217372299496
"1572";0,486334264278412;0,363093348068668
"1573";0,251633793115616;0,172784854495445
"1574";0,399934649467468;0,270516410241607
"1575";0,41311314702034;0,308042028692665
"1576";0,453175574541092;0,466804260600987
"1577";0,209800004959106;0,175259071096614
"1578";0,439641028642654;0,414845711976445
"1579";0,227043360471725;0,261238097987225
"1580";0,73285961151123;0,815256431932239
"1581";0,503384530544281;0,678555964717671
"1582";0,148905739188194;0,224537218403223
"1583";0,757463157176971;0,71257644298374
"1584";0,371165215969086;0,482268114358291
"1585";0,224461510777473;0,212990874264436
"1586";0,602999985218048;0,566803848231554
"1587";0,258166044950485;0,32000074226498
"1588";0,203999444842339;0,302475041340036
"1589";0,604925215244293;0,55340184164189
"1590";0,397780209779739;0,544535898821036
"1591";0,309327334165573;0,302887410773564
"1592";0,55565220117569;0,7552566793539
"1593";0,258559197187424;0,25690821893518
"1594";0,276604950428009;0,319794557548216
"1595";0,606138229370117;0,492783534913258
"1596";0,411758750677109;0,381443787860669
"1597";0,526483178138733;0,69628785035938
"1598";0,333352416753769;0,321237850565565
"1599";0,236627340316772;0,23711448612583
"1600";0,0973447188735008;0,0810326555354411
"1601";0,58147519826889;0,426185871398468
"1602";0,127081260085106;0,149485981501107
"1603";0,57328873872757;0,60577275969996
"1604";0,315034419298172;0,301444117756215
"1605";0,0835656523704529;0,0835068721366097
"1606";0,232188314199448;0,284536970981563
"1607";0,343083113431931;0,265361792322506
"1608";0,124499574303627;0,139795299813197
"1609";0,38743668794632;0,410309648207636
"1610";0,328785300254822;0,321237850565565
"1611";0,420130223035812;0,321856404715857
"1612";0,335492849349976;0,315670863212935
"1613";0,616841852664948;0,714432105434617
"1614";0,474351763725281;0,47711349643919
"1615";0,998358845710754;1
"1616";0,450607389211655;0,511133974705259
"1617";0,103154748678207;0,103919159096251
"1618";0,415994316339493;0,390103545964759
"1619";0,265038639307022;0,297320423420934
"1620";0,711950719356537;0,662885926243603
"1621";0,419278234243393;0,38556748219595
"1622";0,319190502166748;0,244330951212572
"1623";0,390294373035431;0,458763056647189
"1624";0,508051753044128;0,434639444785795
"1625";0,232639491558075;0,329897608669655
"1626";0,340106576681137;0,336495519606105
"1627";0,493365317583084;0,465979521733931
"1628";0,121912777423859;0,1684549754434
"1629";0,272332757711411;0,235465008391718
"1630";0,524449110031128;0,201032160692121
"1631";0,454325914382935;0,195877542773019
"1632";0,472010105848312;0,390928284831815
"1633";0,162205383181572;0,16082614092313
"1634";0,446037650108337;0,425154947814648
"1635";0,316694408655167;0,310103875860306
"1636";0,510202169418335;0,429072457433165
"1637";0,240916445851326;0,316083232646463
"1638";0,228827208280563;0,167836421293108
"1639";0,44054588675499;0,324124436600261
"1640";0,31296643614769;0,291547251351541
"1641";0,558430850505829;0,493814458497078
"1642";0,311196535825729;0,274433919860124
"1643";0,412776201963425;0,374639692207455
"1644";0,521926283836365;0,418969406311727
"1645";0,706160962581635;0,732782545226618
"1646";0,178889900445938;0,252578339883134
"1647";0,533744692802429;0,678762149434435
"1648";0,237630099058151;0,191547663720974
"1649";0,33663085103035;0,313609016045295
"1650";0,306955367326736;0,318145079814104
"1651";0,186784684658051;0,178558026564839
"1652";0,93785959482193;1
"1653";0,230578497052193;0,263506129871629
"1654";0,374122768640518;0,363505717502196
"1655";0,697928309440613;0,711133149966392
"1656";0,648562550544739;0,470721770219504
"1657";0,456243813037872;0,456907394196313
"1658";0,360207676887512;0,351753188646645
"1659";0,776354551315308;0,775668966313541
"1660";0,0875662788748741;0,0767027764833959
"1661";0,235003277659416;0,16948589902722
"1662";0,770027935504913;0,866390241689725
"1663";0,196065589785576;0,183094090333648
"1664";0,249725878238678;0,390309730681523
"1665";0,484141200780869;0,573814128601532
"1666";0,445003986358643;0,408660170473524
"1667";0,366221010684967;0,587628504624723
"1668";0,131910026073456;0,10082638834479
"1669";0,184910699725151;0,291341066634777
"1670";0,379326403141022;0,339588290357566
"1671";0,940285086631775;0,881441726013501
"1672";0,118784964084625;0,155259153570501
"1673";0,102783903479576;0,0791769930845646
"1674";0,402750045061111;0,445154865340761
"1675";0,294908553361893;0,4237116547973
"1676";0,647842049598694;0,752576278035967
"1677";0,170947298407555;0,128042770957646
"1678";0,207530185580254;0,158145739605198
"1679";0,563079714775085;0,345773831860487
"1680";0,0855289697647095;0,107011929847712
"1681";0,266997337341309;0,376289169941567
"1682";0,340326637029648;0,108249038148296
"1683";0,630638003349304;0,575875975769172
"1684";0,332137435674667;0,350928449779589
"1685";0,146359711885452;0,130723172275578
"1686";0,310111492872238;0,263093760438101
"1687";0,141041621565819;0,157939554888433
"1688";0,250871747732162;0,278351429478641
"1689";0,451633304357529;0,433608521201974
"1690";0,311354368925095;0,435670368369615
"1691";0,611698925495148;0,669690021896817
"1692";0,113211937248707;0,122475783605016
"1693";0,213389828801155;0,194640434472435
"1694";0,204767152667046;0,240619626310819
"1695";0,150323122739792;0,176496179397198
"1696";0,151334300637245;0,183094090333648
"1697";0,684566915035248;0,687421907538526
"1698";0,358412593603134;0,33979447507433
"1699";0,445062518119812;0,53608232543371
"1700";0,518706142902374;0,530721522797844
"1701";0,641735911369324;0,819586310984285
"1702";0,335790902376175;0,278351429478641
"1703";0,868167698383331;1
"1704";0,950260162353516;1
"1705";0,204710632562637;0,233609345940841
"1706";0,271610409021378;0,240207256877291
"1707";0,227478221058846;0,235671193108482
"1708";0,569107055664062;0,916699312580154
"1709";0,665939033031464;0,500206184716764
"1710";0,17937496304512;0,1816507973163
"1711";0,613426029682159;0,671751869064457
"1712";0,26432079076767;0,314433754912351
"1713";0,264642775058746;0,233609345940841
"1714";0,164044976234436;0,195258988622727
"1715";0,270398944616318;0,252165970449606
"1716";0,92052698135376;0,923297223516604
"1717";0,375455409288406;0,290103958334192
"1718";0,235786065459251;0,210310472946503
"1719";0,634609282016754;0,660411709642434
"1720";0,399482131004333;0,387010775213298
"1721";0,399535119533539;0,377732462958916
"1722";0,426535606384277;0,436495107236671
"1723";0,348124355077744;0,404124106704715
"1724";0,427251905202866;0,408247801039996
"1725";0,102392241358757;0,106599560414184
"1726";0,27088263630867;0,351753188646645
"1727";0,653338491916656;0,678762149434435
"1728";0,542359530925751;0,499381445849708
"1729";0,874812066555023;0,910513771077233
"1730";0,458388358354568;0,639999422682793
"1731";0,249016031622887;0,238351594426415
"1732";0,266148418188095;0,250516492715494
"1733";0,152195900678635;0,256083480068123
"1734";0,101977646350861;0,0859810887377784
"1735";0,116570048034191;0,127424216807353
"1736";0,572624504566193;0,531133892231372
"1737";0,642597854137421;0,591133644809712
"1738";0,560330450534821;0,515051484323776
"1739";0,223381042480469;0,20659914804475
"1740";0,166934385895729;0,216496014449425
"1741";0,430883169174194;0,457525948346605
"1742";0,294924825429916;0,31896981868116
"1743";0,141651138663292;0,188248708252749
"1744";0,350684195756912;0,278969983628933
"1745";0,180179283022881;0,178970395998367
"1746";0,593952298164368;0,616494364971691
"1747";0,0711916238069534;0,0793831778013287
"1748";0,819318473339081;1
"1749";0,16929928958416;0,084331611003666
"1750";0,501969456672668;0,481031006057707
"1751";0,4228196144104;0,364330456369252
"1752";0,263679563999176;0,220413524067942
"1753";0,202606692910194;0,149485981501107
"1754";0,493754595518112;0,478556789456538
"1755";0,208441734313965;0,170723007327805
"1756";0,379976660013199;0,455876470612492
"1757";0,279987365007401;0,215052721432077
"1758";0,340066105127335;0,286392633432439
"1759";0,533012092113495;0,622886091191377
"1760";0,407517492771149;0,499381445849708
"1761";0,37626639008522;0,342062506958734
"1762";0,460860967636108;0,760411297273001
"1763";0,496685415506363;0,538350357318114
"1764";0,389110058546066;0,405155030288535
"1765";0,150002807378769;0,108249038148296
"1766";0,107368946075439;0,190929109570682
"1767";0,902726590633392;0,965565090453235
"1768";0,342068582773209;0,367217042403949
"1769";0,49211448431015;0,538556542034878
"1770";0,350669205188751;0,298351347004755
"1771";0,188078910112381;0,170723007327805
"1772";0,223450779914856;0,121238675304432
"1773";0,153396472334862;0,224949587836751
"1774";0,979350864887238;1
"1775";0,495933622121811;0,519999917526113
"1776";0,266357183456421;0,24268147347846
"1777";0,32670059800148;0,432989967051682
"1778";0,625009655952454;0,571339912000363
"1779";0,372323215007782;0,269073117224259
"1780";0,673110485076904;0,508041203953798
"1781";0,415114969015121;0,44659815835811
"1782";0,283774018287659;0,247629906680797
"1783";0,357025295495987;0,258557696669292
"1784";0,371022671461105;0,428453903282873
"1785";0,180808335542679;0,191753848437738
"1786";0,557570397853851;0,563298708046565
"1787";0,10759349912405;0,0991769106106779
"1788";0,932200133800507;1
"1789";0,453289985656738;0,597937740462926
"1790";0,629978716373444;0,679793073018256
"1791";0,275521606206894;0,246392798380213
"1792";0,945655703544617;0,889895299400827
"1793";0,209117963910103;0,157527185454905
"1794";0,218848004937172;0,260619543836933
"1795";0,287585586309433;0,305155442657968
"1796";0,275687426328659;0,220207339351178
"1797";0,327835470438004;0,439381693271368
"1798";0,316707938909531;0,258557696669292
"1799";0,89399915933609;1
"1800";0,167393118143082;0,144949917732298
"1801";0,588667094707489;0,675875563399739
"1802";0,149426266551018;0,149485981501107
"1803";0,468958407640457;0,447422897225166
"1804";0,781600713729858;1
"1805";0,130748465657234;0,0835068721366097
"1806";0,639175653457642;1
"1807";0,998241305351257;1
"1808";0,361523777246475;0,488866025294741
"1809";0,436206728219986;0,387423144646826
"1810";0,307231843471527;0,188248708252749
"1811";0,111535631120205;0,178145657131311
"1812";0,716123402118683;0,662061187376547
"1813";0,248098596930504;0,252578339883134
"1814";0,4195436835289;0,192372402588031
"1815";0,199782803654671;0,170516822611041
"1816";0,124699451029301;0,13031080284205
"1817";0,979466199874878;1
"1818";0,164669036865234;0,160413771489602
"1819";0,715335428714752;0,782266877249991
"1820";0,277930915355682;0,282268939097158
"1821";0,155766308307648;0,146187026032882
"1822";0,397327929735184;0,356495437132218
"1823";0,529325246810913;0,610515008185533
"1824";0,246763795614243;0,108249038148296
"1825";0,210054039955139;0,165568389408703
"1826";0,261088162660599;0,310103875860306
"1827";0,090287022292614;0,0758780376163397
"1828";0,32137605547905;0,388247883513882
"1829";0,204578533768654;0,3026812260568
"1830";0,431575298309326;0,427216794982289
"1831";0,197027161717415;0,186393045801873
"1832";0,334148675203323;0,329897608669655
"1833";0,221046507358551;0,218557861617066
"1834";0,504950821399689;0,427010610265525
"1835";0,313653469085693;0,19897031352448
"1836";0,160447657108307;0,126393293223533
"1837";0,663641571998596;0,670720945480637
"1838";0,162216410040855;0,136702529061736
"1839";0,637339353561401;0,757730895955068
"1840";0,301756531000137;0,307011105108845
"1841";0,231413587927818;0,186599230518637
"1842";0,998346388339996;1
"1843";0,244397073984146;0,337114073756397
"1844";0,287573367357254;0,231959868206729
"1845";0,38516041636467;0,587628504624723
"1846";0,249975323677063;0,231341314056437
"1847";0,224143177270889;0,186186861085109
"1848";0,225885450839996;0,216908383882953
"1849";0,819079518318176;0,876493292811164
"1850";0,620807826519012;0,644535486451602
"1851";0,289033532142639;0,251753601016078
"1852";0,20225578546524;0,136083974911444
"1853";0,326961189508438;0,229691836322324
"1854";0,701577007770538;0,656906569457446
"1855";0,300532519817352;0,21876404633383
"1856";0,683090507984161;0,609896454035241
"1857";0,171956717967987;0,155671523004029
"1858";0,56453663110733;0,53608232543371
"1859";0,101220197975636;0,102888235512431
"1860";0,246886134147644;0,248042276114325
"1861";0,675434112548828;0,490927872462382
"1862";0,45330485701561;0,557525535977171
"1863";0,273218601942062;0,439381693271368
"1864";0,513328850269318;0,334846041871992
"1865";0,102678768336773;0,072991451581643
"1866";0,580361247062683;0,564742001063913
"1867";0,263430595397949;0,251135046865786
"1868";0,547433793544769;0,538350357318114
"1869";0,103547640144825;0,188248708252749
"1870";0,17511585354805;0,151754013385512
"1871";0,484809666872025;0,512577267722607
"1872";0,481438100337982;0,201032160692121
"1873";0,316610515117645;0,410309648207636
"1874";0,911804795265198;1
"1875";0,425581097602844;0,292578174935361
"1876";0,360450237989426;0,301031748322687
"1877";0,183164030313492;0,160413771489602
"1878";0,376561015844345;0,475257833988313
"1879";0,1397325694561;0,142063331697601
"1880";0,136052325367928;0,12268196832178
"1881";0,188282862305641;0,191753848437738
"1882";0,172288507223129;0,151547828668748
"1883";0,189486443996429;0,15216638281904
"1884";0,324710130691528;0,515463853757304
"1885";0,940142452716827;1
"1886";0,282539695501328;0,278351429478641
"1887";0,109629511833191;0,168867344876928
"1888";0,134481757879257;0,196702281640076
"1889";0,3825843334198;0,35051608034606
"1890";0,139898061752319;0,156496261871085
"1891";0,994933247566223;1
"1892";0,120868787169456;0,0787646236510365
"1893";0,642497956752777;0,545154452971328
"1894";0,528217136859894;0,602886173665263
"1895";0,128401711583138;0,103094420229195
"1896";0,276116102933884;0,308042028692665
"1897";0,451336562633514;0,323712067166733
"1898";0,45301017165184;0,580618224254745
"1899";0,324011534452438;0,321444035282329
"1900";0,832203805446625;0,778761737065002
"1901";0,129867255687714;0,111547993616521
"1902";0,398896962404251;0,408866355190288
"1903";0,232143089175224;0,197527020507132
"1904";0,493189871311188;0,511133974705259
"1905";0,565357208251953;0,736493870128371
"1906";0,435751080513;0,67237042321475
"1907";0,382372379302979;0,369072704854825
"1908";0,380938172340393;0,307011105108845
"1909";0,258981674909592;0,234227900091134
"1910";0,356800377368927;0,430721935167278
"1911";0,416422665119171;0,344536723559903
"1912";0,127497866749763;0,0824759485527895
"1913";0,231915712356567;0,196289912206548
"1914";0,435840666294098;0,419175591028491
"1915";0,281997740268707;0,142888070564657
"1916";0,635471940040588;0,924946701250717
"1917";0,124216996133327;0,108249038148296
"1918";0,307368993759155;0,281031830796574
"1919";0,516646802425385;0,388247883513882
"1920";0,199751406908035;0,304124519074148
"1921";0,574215412139893;0,684329136787065
"1922";0,665751934051514;0,629277817411062
"1923";0,404266029596329;0,465567152300403
"1924";0,0823185443878174;0,0944346621251046
"1925";0,25038605928421;0,241444365177876
"1926";0,426938265562057;0,715256844301673
"1927";0,208756387233734;0,250104123281966
"1928";0,840585649013519;0,896905579770805
"1929";0,60136216878891;0,804328641943745
"1930";0,577099561691284;0,672576607931514
"1931";0,161422789096832;0,154640599420209
"1932";0,525554060935974;0,312784277178238
"1933";0,59433913230896;0,542474051653395
"1934";0,163713052868843;0,116290242102094
"1935";0,676666855812073;0,690720863006751
"1936";0,140624538064003;0,159176663189018
"1937";0,977863192558289;1
"1938";0,301439046859741;0,193197141455087
"1939";0,367957562208176;0,282268939097158
"1940";0,291439116001129;0,978554727609371
"1941";0,358579695224762;0,374227322773927
"1942";0,376047313213348;0,120413936437376
"1943";0,837358951568604;0,584123364439734
"1944";0,134011015295982;0,116702611535623
"1945";0,193367123603821;0,174640516946322
"1946";0,280276238918304;0,276495767027765
"1947";0,554912090301514;0,454639362311908
"1948";0,539415597915649;0,499793815283236
"1949";0,315919995307922;0,268660747790731
"1950";0,565312683582306;0,494639197364135
"1951";0,576822400093079;0,625772677226073
"1952";0,667738080024719;1
"1953";0,206295266747475;0,15979521733931
"1954";0,235899582505226;0,263299945154865
"1955";0,136586233973503;0,175671440530142
"1956";0,328096389770508;0,341031583374914
"1957";0,570880472660065;0,591752198960004
"1958";0,465934544801712;0,392990131999456
"1959";0,346361219882965;0,375464431074511
"1960";0,481114208698273;0,545979191838384
"1961";0,338402450084686;0,331959455837296
"1962";0,392049252986908;0,201032160692121
"1963";0,551374197006226;0,517319516208181
"1964";0,297018021345139;0,387010775213298
"1965";0,326373428106308;0,336495519606105
"1966";0,227737262845039;0,260825728553697
"1967";0,322230875492096;0,361650055051319
"1968";0,217814102768898;0,164125096391355
"1969";0,891545236110687;1
"1970";0,342089086771011;0,267836008923675
"1971";0,222555547952652;0,307217289825609
"1972";0,434538602828979;0,43030956573375
"1973";0,699398577213287;0,823297635886038
"1974";0,12531840801239;0,120207751720611
"1975";0,267352044582367;0,272372072692484
"1976";0,412975132465363;0,361650055051319
"1977";0,211614593863487;0,360000577317207
"1978";0,214673489332199;0,172578669778681
"1979";0,645091593265533;0,697112589226436
"1980";0,835219323635101;1
"1981";0,378693670034409;0,354433589964577
"1982";0,257909864187241;0,297732792854462
"1983";0,283124178647995;0,328660500369071
"1984";0,455520868301392;0,442062094589301
"1985";0,0730826705694199;0,0872181970383627
"1986";0,476605236530304;0,5447420835378
"1987";0,157329827547073;0,145774656599354
"1988";0,971143305301666;1
"1989";0,323884129524231;0,407216877456175
"1990";0,368684440851212;0,434845629502559
"1991";0,284786522388458;0,264949422888978
"1992";0,289917588233948;0,455051731745436
"1993";0,317934900522232;0,299176085871811
"1994";0,333990216255188;0,427835349132581
"1995";0,465395301580429;0,493608273780314
"1996";0,560498118400574;0,494226827930606
"1997";0,303845971822739;0,328041946218778
"1998";0,150501236319542;0,19897031352448
"1999";0,485786825418472;0,535051401849889
"2000";0,164800584316254;0,182887905616884
"2001";0,299104690551758;0,249691753848438
"2002";0,140473797917366;0,122269598888252
"2003";0,269361257553101;0,252578339883134
"2004";0,222605645656586;0,192372402588031
"2005";0,131048068404198;0,124950000206185
"2006";0,447522401809692;0,458763056647189
"2007";0,208489745855331;0,263712314588393
"2008";0,726382672786713;0,681854920185896
"2009";0,883303105831146;1
"2010";0,114219948649406;0,153403491119624
"2011";0,268878608942032;0,175259071096614
"2012";0,214837372303009;0,291753436068305
"2013";0,32004514336586;0,266186531189562
"2014";0,316127270460129;0,203094007859761
"2015";0,310954958200455;0,305361627374732
"2016";0,365493625402451;0,394433425016804
"2017";0,518814384937286;0,512989637156135
"2018";0,549155116081238;0,557113166543643
"2019";0,429704070091248;0,444536311190469
"2020";0,393889337778091;0,682679659052952
"2021";0,134871631860733;0,119589197570319
"2022";0,969248473644257;0,985565007979349
"2023";0,462453603744507;0,459587795514245
"2024";0,324039429426193;0,281031830796574
"2025";0,24148240685463;0,230310390472617
"2026";0,450533628463745;0,482268114358291
"2027";0,639303863048553;0,698143512810256
"2028";0,0809397920966148;0,0595894449919794
"2029";0,29336079955101;0,31031006057707
"2030";0,176031559705734;0,171547746194861
"2031";0,501805186271667;0,640411792116321
"2032";0,392059355974197;0,355258328831634
"2033";0,387333035469055;0,549690516740137
"2034";0,363919824361801;0,317114156230284
"2035";0,474281966686249;0,336907889039633
"2036";0,682816505432129;0,735669131261314
"2037";0,394424974918365;0,325980099051138
"2038";0,997900545597076;1
"2039";0,227772384881973;0,168042606009872
"2040";0,666938722133636;0,569896618983014
"2041";0,186238825321198;0,146805580183174
"2042";0,925594091415405;1
"2043";0,385823935270309;0,257114403651944
"2044";0,107310555875301;0,111135624182993
"2045";0,148765608668327;0,120413936437376
"2046";0,414660066366196;0,498350522265888
"2047";0,173581585288048;0,299176085871811
"2048";0,187632083892822;0,184125013917468
"2049";0,269454628229141;0,376495354658331
"2050";0,463124126195908;0,261031913270461
"2051";0,212037339806557;0,181238427882772
"2052";0,225877448916435;0,131135541709106
"2053";0,137045800685883;0,104950082680071
"2054";0,587393760681152;0,621442798174028
"2055";0,267128854990005;0,234434084807898
"2056";0,541623473167419;0,53917509618517
"2057";0,349824845790863;0,283918416831271
"2058";0,162218227982521;0,155259153570501
"2059";0,421667516231537;0,396289087467681
"2060";0,232600599527359;0,292165805501833
"2061";0,418244808912277;0,134846866610859
"2062";0,200139582157135;0,304124519074148
"2063";0,228317007422447;0,304124519074148
"2064";0,37250018119812;0,43134048931757
"2065";0,361423522233963;0,364330456369252
"2066";0,388095855712891;0,421031253479367
"2067";0,120602875947952;0,0964965092927452
"2068";0,173005774617195;0,111547993616521
"2069";0,244236141443253;0,168042606009872
"2070";0,64722353219986;0,827421330221319
"2071";0,237941741943359;0,321031665848801
"2072";0,194720044732094;0,19690846635684
"2073";0,372863829135895;0,292371990218597
"2074";0,776419401168823;0,827833699654847
"2075";0,134788542985916;0,142888070564657
"2076";0,408340126276016;0,55999975257834
"2077";0,0787656754255295;0,0981459870268576
"2078";0,215232402086258;0,203918746726818
"2079";0,267566621303558;0,162475618657243
"2080";0,185484543442726;0,160413771489602
"2081";0,158694222569466;0,268454563073967
"2082";0,547973990440369;0,530309153364316
"2083";0,326387792825699;0,29505239153653
"2084";0,375851631164551;0,409691094057344
"2085";0,655571103096008;0,715050659584909
"2086";0,197113111615181;0,187630154102457
"2087";0,442185640335083;0,324949175467318
"2088";0,450844436883926;0,54577300712162
"2089";0,676931858062744;0,701236283561717
"2090";0,291092246770859;0,264743238172214
"2091";0,243357583880424;0,296701869270642
"2092";0,267103105783463;0,194228065038907
"2093";0,711415410041809;0,715256844301673
"2094";0,165912106633186;0,157321000738141
"2095";0,294203191995621;0,269485486657787
"2096";0,640518724918365;0,644329301734838
"2097";0,234570220112801;0,145156102449062
"2098";0,318513631820679;0,262887575721337
"2099";0,443900555372238;0,375464431074511
"2100";0,687851905822754;0,803503903076688
"2101";0,523387312889099;0,533195739399013
"2102";0,254061132669449;0,154640599420209
"2103";0,767146825790405;0,661648817943019
"2104";0,346403419971466;0,334021303004936
"2105";0,16025698184967;0,290103958334192
"2106";0,414313226938248;0,373196399190106
"2107";0,427156805992126;0,464330043999819
"2108";0,129566177725792;0,137321083212028
"2109";0,305701792240143;0,370722182588938
"2110";0,383478939533234;0,354433589964577
"2111";0,174666732549667;0,140413853963489
"2112";0,400835603475571;0,304949257941204
"2113";0,384214371442795;0,302887410773564
"2114";0,502415418624878;0,447216712508402
"2115";0,510362803936005;0,67546319396621
"2116";0,253158062696457;0,239794887443763
"2117";0,26011598110199;0,284124601548035
"2118";0,439768850803375;0,33979447507433
"2119";0,130764126777649;0,103919159096251
"2120";0,414604634046555;0,436082737803143
"2121";0,312575697898865;0,292990544368889
"2122";0,112655952572823;0,0884553053389471
"2123";0,498914003372192;0,541443128069575
"2124";0,14173336327076;0,155671523004029
"2125";0,420739978551865;0,456082655329256
"2126";0,282542020082474;0,325980099051138
"2127";0,682139933109283;0,690514678289986
"2128";0,116411685943604;0,108249038148296
"2129";0,374955743551254;0,329897608669655
"2130";0,422187507152557;0,43340233648521
"2131";0,342483907938004;0,338557366773745
"2132";0,198150143027306;0,191753848437738
"2133";0,665449857711792;0,688865200555874
"2134";0,293594032526016;0,321031665848801
"2135";0,443151354789734;0,535257586566653
"2136";0,22728043794632;0,291341066634777
"2137";0,368235737085342;0,518556624508765
"2138";0,334469795227051;0,335052226588756
"2139";0,41286426782608;0,593195491977353
"2140";0,435067117214203;0,319176003397924
"2141";0,264129638671875;0,27319681155954
"2142";0,801772892475128;0,810926552880194
"2143";0,352441281080246;0,25897006610282
"2144";0,413367629051208;0,204124931443582
"2145";0,172429576516151;0,218145492183537
"2146";0,425190657377243;0,411340571791457
"2147";0,620623409748077;0,609690269318477
"2148";0,342465758323669;0,226805250287628
"2149";0,320569604635239;0,420206514612311
"2150";0,20729698240757;0,264743238172214
"2151";0,532502233982086;0,517113331491417
"2152";0,428399085998535;0,423093100647008
"2153";0,0912203416228294;0,103919159096251
"2154";0,325390219688416;0,207423886911807
"2155";0,508020877838135;0,475051649271549
"2156";0,134272813796997;0,133197388876747
"2157";0,440933734178543;0,291959620785069
"2158";0,448332399129868;0,644741671168366
"2159";0,261422634124756;0,290310143050956
"2160";0,397996336221695;0,393814870866512
"2161";0,694268465042114;0,535257586566653
"2162";0,498295336961746;0,361237685617791
"2163";0,289226412773132;0,344742908276667
"2164";0,150860905647278;0,147011764899939
"2165";0,550265550613403;0,528659675630204
"2166";0,397367924451828;0,411959125941749
"2167";0,501648306846619;0,486391808693572
"2168";0,810628414154053;0,768040131793271
"2169";0,965895652770996;1
"2170";0,262474179267883;0,243918581779044
"2171";0,174183532595634;0,115877872668566
"2172";0,385466724634171;0,34845423317842
"2173";0,327254325151443;0,331340901687003
"2174";0,291209846735001;0,474639279838021
"2175";0,45974662899971;0,347629494311364
"2176";0,264802038669586;0,218557861617066
"2177";0,719107866287231;0,6657725122783
"2178";0,539135038852692;0,464742413433347
"2179";0,564458549022675;0,626597416093129
"2180";0,758194386959076;0,629071632694298
"2181";0,241216897964478;0,259176250819584
"2182";0,741986811161041;0,655050907006569
"2183";0,110978506505489;0,0721667127145867
"2184";0,328070342540741;0,346392386010779
"2185";0,662973463535309;0,730308328625449
"2186";0,92952024936676;1
"2187";0,622237205505371;0,44762908194193
"2188";0,326795727014542;0,248867014981382
"2189";0,390958040952682;0,544123529387508
"2190";0,205138400197029;0,169898268460749
"2191";0,997479200363159;1
"2192";0,266905725002289;0,319176003397924
"2193";0,224978148937225;0,181238427882772
"2194";0,906672358512878;1
"2195";0,172329112887383;0,208660995212391
"2196";0,623750925064087;0,907214815609008
"2197";0,196658775210381;0,233196976507313
"2198";0,355694890022278;1
"2199";0,401186406612396;0,587628504624723
"2200";0,199497699737549;0,201032160692121
"2201";0,210807397961617;0,156496261871085
"2202";0,0999232530593872;0,0861872734545425
"2203";0,459467858076096;0,41711374386085
"2204";0,384064346551895;0,407216877456175
"2205";0,391725152730942;0,416701374427322
"2206";0,227392256259918;0,150516905084927
"2207";0,201950058341026;0,328866685085835
"2208";0,618060290813446;0,53608232543371
"2209";0,659623503684998;0,951132160279751
"2210";0,302761167287827;0,239794887443763
"2211";0,190034553408623;0,226805250287628
"2212";0,235181197524071;0,310516245293834
"2213";0,671862304210663;1
"2214";0,322641760110855;0,471752693803325
"2215";0,514923095703125;0,517731885641709
"2216";0,529914259910583;0,547628669572497
"2217";0,55390191078186;0,447216712508402
"2218";0,789364278316498;0,768452501226799
"2219";0,234349742531776;0,231341314056437
"2220";0,201803237199783;0,281238015513338
"2221";0,227200731635094;0,291341066634777
"2222";0,998444855213165;1
"2223";0,266005396842957;0,436907476670199
"2224";0,390699654817581;0,375670615791275
"2225";0,306686818599701;0,300207009455631
"2226";0,167358085513115;0,161650879790186
"2227";0,620875775814056;0,742267042197764
"2228";0,925219476222992;0,992575288349326
"2229";0,13027223944664;0,133197388876747
"2230";0,470736712217331;0,410928202357928
"2231";0,53598964214325;0,448247636092222
"2232";0,179336488246918;0,130929356992342
"2233";0,922672629356384;1
"2234";0,14453236758709;0,12165104473796
"2235";0,198280498385429;0,53608232543371
"2236";0,403894007205963;0,435051814219323
"2237";0,282117754220963;0,268454563073967
"2238";0,485189825296402;0,615257256671107
"2239";0,386033445596695;0,416907559144086
"2240";0,23617060482502;0,278351429478641
"2241";0,271442234516144;0,480618636624179
"2242";0,203723087906837;0,252578339883134
"2243";0,325245589017868;0,26556797703927
"2244";0,485478788614273;0,46948466191892
"2245";0,691287517547607;0,748864953134214
"2246";0,478167951107025;0,449278559676043
"2247";0,483898848295212;0,480618636624179
"2248";0,481221228837967;0,46391767456629
"2249";0,23314356803894;0,252578339883134
"2250";0,330616176128387;0,29608331512035
"2251";0,785580337047577;0,717318691469313
"2252";0,8333500623703;1
"2253";0,375330746173859;0,339175920924037
"2254";0,192005798220634;0,284124601548035
"2255";0,452479928731918;0,34288724582579
"2256";0,218910619616508;0,239382518010235
"2257";0,992473244667053;1
"2258";0,538520514965057;0,473814540970965
"2259";0,273143351078033;0,290928697201249
"2260";0,556126236915588;0,783710170267339
"2261";0,424240410327911;0,53814417260135
"2262";0,343233674764633;0,460412534381302
"2263";0,725808143615723;0,694432187908503
"2264";0,23784302175045;0,174846701663086
"2265";0,902575552463531;0,815256431932239
"2266";0,269276529550552;0,307011105108845
"2267";0,541663527488708;0,471752693803325
"2268";0,980079412460327;0,828246069088375
"2269";0,795869946479797;0,888658191100243
"2270";0,238627284765244;0,16082614092313
"2271";0,974363744258881;1
"2272";0,800013422966003;0,830514100972779
"2273";0,388273328542709;0,366392303536893
"2274";0,730519235134125;0,661236448509491
"2275";0,87747460603714;1
"2276";0,364248126745224;0,306598735675317
"2277";0,248102426528931;0,221444447651762
"2278";0,435064643621445;0,149485981501107
"2279";0,395071059465408;0,362474793918376
"2280";0,0995162278413773;0,114846949084746
"2281";0,219152957201004;0,170104453177513
"2282";0,195376679301262;0,172991039212209
"2283";0,32676175236702;0,328248130935543
"2284";0,230144202709198;0,20350637729329
"2285";0,225225433707237;0,276908136461293
"2286";0,510297536849976;0,614638702520814
"2287";0,415322571992874;0,476288757572134
"2288";0,173552870750427;0,229073282172032
"2289";0,203206926584244;0,214021797848256
"2290";0,254975169897079;0,250722677432258
"2291";0,20060034096241;0,358557284299859
"2292";0,282211363315582;0,219382600484122
"2293";0,205935254693031;0,163712726957827
"2294";0,284782916307449;0,326804837918194
"2295";0,125079318881035;0,0905171525065876
"2296";0,380825608968735;0,436495107236671
"2297";0,384141504764557;0,323505882449969
"2298";0,617466032505035;0,519587548092585
"2299";0,124937862157822;0,103919159096251
"2300";0,221110716462135;0,32762957678525
"2301";0,166688397526741;0,147011764899939
"2302";0,277959257364273;0,157527185454905
"2303";0,186866343021393;0,167630236576344
"2304";0,426097214221954;0,440618801571952
"2305";0,264184415340424;0,201032160692121
"2306";0,271044671535492;0,292371990218597
"2307";0,603325009346008;0,55443276522571
"2308";0,382823944091797;0,447010527791638
"2309";0,40817791223526;0,364330456369252
"2310";0,239826112985611;0,182269351466592
"2311";0,0625710859894753;0,0721667127145867
"2312";0,630171418190002;0,694432187908503
"2313";0,337805181741714;0,362268609201612
"2314";0,259232312440872;0,323712067166733
"2315";0,37806636095047;0,312578092461474
"2316";0,250023424625397;0,238145409709651
"2317";0,545199811458588;0,549896701456901
"2318";0,422276854515076;0,46082490381483
"2319";0,322798073291779;0,293815283235945
"2320";0,0786987170577049;0,069486311396654
"2321";0,334572553634644;0,383505635028309
"2322";0,990637898445129;0,965152721019707
"2323";0,254706621170044;0,296289499837114
"2324";0,264493972063065;0,296908053987406
"2325";0,211996540427208;0,14453754829877
"2326";0,509339213371277;0,663916849827423
"2327";0,302814841270447;0,301031748322687
"2328";0,328985571861267;0,472783617387145
"2329";0,112250328063965;0,13031080284205
"2330";0,238352417945862;0,188248708252749
"2331";0,29103872179985;0,278351429478641
"2332";0,923465311527252;1
"2333";0,327682673931122;0,237939224992887
"2334";0,293733775615692;0,279382353062462
"2335";0,444980204105377;0,504742248485573
"2336";0,243724599480629;0,246186613663449
"2337";0,393513143062592;0,741442303330708
"2338";0,326576739549637;0,378763386542736
"2339";0,481417864561081;0,402268444253838
"2340";0,0940134674310684;0,0711357891307665
"2341";0,260003656148911;0,261856652137517
"2342";0,398583829402924;0,342062506958734
"2343";0,375032067298889;0,343711984692847
"2344";0,437249422073364;0,542680236370159
"2345";0,352785676717758;0,3026812260568
"2346";0,402030855417252;0,348660417895184
"2347";0,517636954784393;0,591958383676768
"2348";0,158828094601631;0,128042770957646
"2349";0,918243706226349;1
"2350";0,114007130265236;0,0923728149574641
"2351";0,139594361186028;0,11402221021769
"2352";0,220715641975403;0,286186448715675
"2353";0,324396103620529;0,195258988622727
"2354";0,867269933223724;0,793194667238486
"2355";0,356409579515457;0,463711489849526
"2356";0,131652355194092;0,0944346621251046
"2357";0,305872052907944;0,289279219467136
"2358";0,297100275754929;0,27319681155954
"2359";0,203532084822655;0,204743485593874
"2360";0,224224612116814;0,249691753848438
"2361";0,218305259943008;0,169073529593692
"2362";0,473467379808426;0,456495024762784
"2363";0,187817484140396;0,22185681708529
"2364";0,237381041049957;0,351753188646645
"2365";0,424150258302689;0,442062094589301
"2366";0,157262772321701;0,17402196279603
"2367";0,996944725513458;1
"2368";0,806287229061127;0,999997938152832
"2369";0,40107473731041;0,395876718034152
"2370";0,111748017370701;0,110310885315937
"2371";0,404522031545639;0,431134304600806
"2372";0,527892887592316;0,53608232543371
"2373";0,161378443241119;0,164331281108119
"2374";0,440042942762375;0,443093018173121
"2375";0,547489404678345;0,960410472534134
"2376";0,274719178676605;0,210310472946503
"2377";0,270171165466309;0,302475041340036
"2378";0,330231010913849;0,436701291953435
"2379";0,194678395986557;0,25897006610282
"2380";0,238125786185265;0,207011517478278
"2381";0,131872192025185;0,120413936437376
"2382";0,130326002836227;0,102063496645375
"2383";0,50530070066452;0,396907641617973
"2384";0,241945177316666;0,304949257941204
"2385";0,153547435998917;0,183506459767176
"2386";0,578121900558472;0,620618059306972
"2387";0,735363066196442;0,814019323631655
"2388";0,240034893155098;0,33319656413788
"2389";0,431536227464676;0,367010857687185
"2390";0,287730008363724;0,25690821893518
"2391";0,252709776163101;0,243918581779044
"2392";0,201056391000748;0,276289582311001
"2393";0,513351142406464;0,508247388670562
"2394";0,388503819704056;0,359794392600443
"2395";0,131722956895828;0,135671605477916
"2396";0,423538953065872;0,441649725155773
"2397";0,458674281835556;0,522680318844046
"2398";0,848565697669983;1
"2399";0,479850590229034;0,498350522265888
"2400";0,222297921776772;0,201032160692121
"2401";0,391268730163574;0,550721440323957
"2402";0,201275616884232;0,145774656599354
"2403";0,292193681001663;0,264743238172214
"2404";0,236710891127586;0,179795134865423
"2405";0,355531871318817;0,293815283235945
"2406";0,452037334442139;0,335052226588756
"2407";0,0729954689741135;0,149485981501107
"2408";0,430880934000015;0,289691588900664
"2409";0,729193150997162;0,579587300670925
"2410";0,250925779342651;0,201032160692121
"2411";0,262595683336258;0,262062836854281
"2412";0,414012759923935;0,406185953872355
"2413";0,115040563046932;0,0847439804371941
"2414";0,304001122713089;0,224331033686459
"2415";0,0684181973338127;0,0628884004602043
"2416";0,148052185773849;0,14659939546641
"2417";0,227464899420738;0,235671193108482
"2418";0,249171674251556;0,206805332761514
"2419";0,33733132481575;0,392990131999456
"2420";0,218546211719513;0,207423886911807
"2421";0,951005160808563;1
"2422";0,123655579984188;0,0907233372233517
"2423";0,606355905532837;0,602267619514971
"2424";0,346644312143326;0,286805002865968
"2425";0,240962401032448;0,394021055583276
"2426";0,28944855928421;0,201032160692121
"2427";0,674126923084259;0,585154288023555
"2428";0,409673124551773;0,11608405738533
"2429";0,254315942525864;0,238351594426415
"2430";0,309073179960251;0,344949092993431
"2431";0,229790240526199;0,227629989154684
"2432";0,523963809013367;0,508865942820854
"2433";0,193922951817513;0,178970395998367
"2434";0,320601284503937;0,322681143582913
"2435";0,209365546703339;0,20453730087711
"2436";0,841021716594696;1
"2437";0,159129276871681;0,163712726957827
"2438";0,17864453792572;0,172166300345153
"2439";0,326846420764923;0,295464760970058
"2440";0,369137287139893;0,484536146242696
"2441";0,45526459813118;0,427010610265525
"2442";0,147076487541199;0,117321165685915
"2443";0,235587984323502;0,161650879790186
"2444";0,792592465877533;0,728865035608101
"2445";0,106226615607738;0,0713419738475305
"2446";0,657805323600769;0,676906486983559
"2447";0,378588438034058;0,369072704854825
"2448";0,156198889017105;0,14350662471495
"2449";0,315935045480728;0,300619378889159
"2450";0,14739702641964;0,113403656067398
"2451";0,189970910549164;0,170104453177513
"2452";0,240125983953476;0,355670698265162
"2453";0,58833110332489;0,808246151562262
"2454";0,146769404411316;0,189692001270098
"2455";0,375898629426956;0,468247553618336
"2456";0,37143748998642;0,43134048931757
"2457";0,308834761381149;0,321237850565565
"2458";0,234127193689346;0,311959538311182
"2459";0,307254791259766;0,286392633432439
"2460";0,699029088020325;0,736493870128371
"2461";0,579111218452454;0,762060775007113
"2462";0,678096890449524;0,681854920185896
"2463";0,741208434104919;0,632576772879287
"2464";0,527919709682465;0,443299202889885
"2465";0,180029720067978;0,201032160692121
"2466";0,195278197526932;0,194021880322143
"2467";0,358078330755234;0,366392303536893
"2468";0,408053755760193;0,496907229248539
"2469";0,841376960277557;0,615875810821399
"2470";0,409771829843521;0,432989967051682
"2471";0,212041482329369;0,15422822998668
"2472";0,703489542007446;0,678349780000907
"2473";0,118603505194187;0,0659811712116651
"2474";0,268614739179611;0,139795299813197
"2475";0,3310287296772;0,280207091929518
"2476";0,287808269262314;0,299176085871811
"2477";0,200106680393219;0,216083645015897
"2478";0,248533204197884;0,236908301409066
"2479";0,696176409721375;0,683298213203245
"2480";0,385597288608551;0,325980099051138
"2481";0,89587014913559;1
"2482";0,401735603809357;0,403299367837658
"2483";0,654041528701782;0,689483754706166
"2484";0,268342584371567;0,419381775745255
"2485";0,7450932264328;0,666391066428592
"2486";0,519644737243652;0,689277569989402
"2487";0,0977547168731689;0,0793831778013287
"2488";0,259424448013306;0,180207504298951
"2489";0,417496085166931;0,47051558550274
"2490";0,530827343463898;0,721030016371067
"2491";0,430351316928864;0,387423144646826
"2492";0,710947930812836;0,709277487515515
"2493";0,155551090836525;0,122063414171488
"2494";0,177760481834412;0,167011682426052
"2495";0,15561605989933;0,179176580715131
"2496";0,356521815061569;0,345361462426959
"2497";0,316643118858337;0,296289499837114
"2498";0,236326158046722;0,192990956738323
"2499";0,139665737748146;0,120207751720611
"2500";0,186765730381012;0,187217784668929
"2501";0,486406117677689;0,452783699861032
"2502";0,228306263685226;0,292990544368889
"2503";0,094529315829277;0,149485981501107
"2504";0,36723193526268;0,264124684021922
"2505";0,34950390458107;0,355670698265162
"2506";0,773232758045197;1
"2507";0,197794765233994;0,160413771489602
"2508";0,47590097784996;0,394433425016804
"2509";0,209738358855247;0,272784442126012
"2510";0,23576021194458;0,171547746194861
"2511";0,356769293546677;0,290103958334192
"2512";0,444068431854248;0,307011105108845
"2513";0,401001662015915;1
"2514";0,416562527418137;0,399175673502377
"2515";0,583829939365387;0,56103067616216
"2516";0,181297823786736;0,169898268460749
"2517";0,419531017541885;0,518968993942293
"2518";0,384674310684204;0,32659865320143
"2519";0,723235726356506;0,537937987884586
"2520";0,604836285114288;0,738968086729539
"2521";0,494950950145721;0,464536228716583
"2522";0,249545112252235;0,190722924853918
"2523";0,193343266844749;0,146805580183174
"2524";0,60942804813385;0,679174518867963
"2525";0,508752882480621;0,441855909872537
"2526";0,528712928295135;0,570515173133307
"2527";0,263276875019073;0,21216613539738
"2528";0,0990137308835983;0,138764376229376
"2529";0,13924714922905;0,0971150634430373
"2530";0,290226012468338;0,292578174935361
"2531";0,889176428318024;0,655050907006569
"2532";0,620638132095337;0,592783122543825
"2533";0,41718128323555;0,617112919121983
"2534";0,273922592401505;0,282681308530686
"2535";0,129112601280212;0,080826470818677
"2536";0,460251688957214;0,338969736207273
"2537";0,262639999389648;0,223506294819403
"2538";0,36114689707756;0,32453680603379
"2539";0,60681289434433;0,474020725687729
"2540";0,0852022394537926;0,0698986808301821
"2541";0,270437031984329;0,26556797703927
"2542";0,17371891438961;0,108249038148296
"2543";0,248564302921295;0,213609428414728
"2544";0,286016136407852;0,289279219467136
"2545";0,189611047506332;0,177939472414547
"2546";0,915318191051483;0,793813221388778
"2547";0,386948019266129;0,422062177063187
"2548";0,538601100444794;0,672782792648278
"2549";0,217667162418365;0,219382600484122
"2550";0,323892086744308;0,207836256345335
"2551";0,687760531902313;0,761648405573585
"2552";0,37740296125412;0,32000074226498
"2553";0,534626185894012;0,56865951068243
"2554";0,512152194976807;0,39422724030004
"2555";0,139917865395546;0,131135541709106
"2556";0,2470593303442;0,284949340415091
"2557";0,806629240512848;0,715256844301673
"2558";0,249149635434151;0,243506212345516
"2559";0,692949593067169;0,721236201087831
"2560";0,104546003043652;0,0812388402522052
"2561";0,79147881269455;0,793813221388778
"2562";0,314561903476715;0,310928614727362
"2563";0,214518055319786;0,22185681708529
"2564";0,558221280574799;0,432783782334918
"2565";0,73199862241745;0,938142523123616
"2566";0,250847548246384;0,25690821893518
"2567";0,633741497993469;0,839998597943926
"2568";0,325339674949646;0,324949175467318
"2569";0,266345083713531;0,227836173871448
"2570";0,110345222055912;0,0960841398592171
"2571";0,53992772102356;0,605566574983196
"2572";0,569565951824188;0,691545601873807
"2573";0,838345468044281;0,790308081203789
"2574";0,384098827838898;0,378144832392444
"2575";0,15259051322937;0,202887823142997
"2576";0,118640393018723;0,10639337569742
"2577";0,103794790804386;0,0979398023100936
"2578";0,0949155166745186;0,0971150634430373
"2579";0,509267210960388;0,587628504624723
"2580";0,114591121673584;0,161032325639894
"2581";0,236622333526611;0,232784607073785
"2582";0,444398283958435;0,656288015307153
"2583";0,121683664619923;0,107218114564476
"2584";0,92155647277832;1
"2585";0,506889760494232;0,525360720161979
"2586";0,825541079044342;0,888864375817007
"2587";0,0877432972192764;0,109898515882409
"2588";0,307957470417023;0,395876718034152
"2589";0,224900498986244;0,234227900091134
"2590";0,939562141895294;1
"2591";0,556459248065948;0,440412616855188
"2592";0,507323682308197;0,458350687213661
"2593";0,399537622928619;0,356701621848982
"2594";0,467043578624725;1
"2595";0,343717247247696;0,416701374427322
"2596";0,448432415723801;0,52288650356081
"2597";0,349805891513824;0,355670698265162
"2598";0,346541076898575;0,390103545964759
"2599";0,33861780166626;0,408247801039996
"2600";0,645958006381989;1
"2601";0,205270692706108;0,145774656599354
"2602";0,754766166210175;0,674638455099154
"2603";0,46114319562912;0,383093265594781
"2604";0,318629056215286;0,318145079814104
"2605";0,287360548973083;0,304124519074148
"2606";0,303641974925995;0,347629494311364
"2607";0,1444261521101;0,0997954647609701
"2608";0,203401491045952;0,297732792854462
"2609";0,285366207361221;0,28185656966363
"2610";0,258989632129669;0,152991121686096
"2611";0,21796703338623;0,175259071096614
"2612";0,440542936325073;0,391134469548579
"2613";0,401737302541733;0,464536228716583
"2614";0,105953350663185;0,15113545923522
"2615";0,256967812776566;0,296289499837114
"2616";0,210971102118492;0,210104288229739
"2617";0,663191080093384;0,774431858012957
"2618";0,218259125947952;0,284536970981563
"2619";0,470298022031784;0,516494777341124
"2620";0,171142876148224;0,117733535119443
"2621";0,144654154777527;0,163300357524299
"2622";0,275994896888733;0,205362039744166
"2623";0,15917980670929;0,175877625246906
"2624";0,18132908642292;0,163506542241063
"2625";0,270954221487045;0,290516327767721
"2626";0,633146703243256;0,73546294654455
"2627";0,413711100816727;0,489278394728269
"2628";0,615157127380371;1
"2629";0,334941238164902;0,318763633964396
"2630";0,702225863933563;0,579381115954161
"2631";0,0999624505639076;0,0923728149574641
"2632";0,283027201890945;0,355670698265162
"2633";0,186292380094528;0,269073117224259
"2634";0,17628601193428;0,2131970589812
"2635";0,439222276210785;0,511752528855551
"2636";0,432413280010223;0,426392056115233
"2637";0,323650687932968;0,355670698265162
"2638";0,287537038326263;0,29711423870417
"2639";0,400663822889328;0,482680483791819
"2640";0,270384073257446;0,341031583374914
"2641";0,431271761655807;0,108249038148296
"2642";0,752284109592438;0,882266464880557
"2643";0,373306721448898;0,471752693803325
"2644";0,318326711654663;0,338144997340217
"2645";0,395532220602036;0,408866355190288
"2646";0,835661053657532;1
"2647";0,207693189382553;0,296289499837114
"2648";0,27309986948967;0,284743155698327
"2649";0,435202836990356;0,410309648207636
"2650";0,309807866811752;0,325773914334374
"2651";0,346355497837067;0,347629494311364
"2652";0,158426210284233;0,183300275050412
"2653";0,598034024238586;0,661030263792727
"2654";0,260488480329514;0,235465008391718
"2655";0,419851303100586;0,415258081409974
"2656";0,584545433521271;0,601649065364679
"2657";0,806730985641479;0,819586310984285
"2658";0,624834835529327;0,701236283561717
"2659";0,318067580461502;0,253815448183719
"2660";0,266217440366745;0,288042111166552
"2661";0,277240365743637;0,241444365177876
"2662";0,484183818101883;0,162475618657243
"2663";0,280618786811829;0,324949175467318
"2664";0,453958541154861;0,321237850565565
"2665";0,428815752267838;0,412783864808805
"2666";0,352993428707123;0,231135129339673
"2667";0,484027326107025;0,352784112230465
"2668";0,270609617233276;0,278351429478641
"2669";0,22123721241951;0,278351429478641
"2670";0,372595936059952;0,421649807629659
"2671";0,325285673141479;0,28185656966363
"2672";0,414275169372559;0,358763469016623
"2673";0,56699800491333;0,627009785526658
"2674";0,27587303519249;0,203094007859761
"2675";0,547121405601501;1
"2676";0,259792804718018;0,212990874264436
"2677";0,538120806217194;0,47051558550274
"2678";0,410168498754501;0,472165063236853
"2679";0,455836772918701;0,465773337017167
"2680";0,635247588157654;0,904534414291075
"2681";0,35772505402565;0,627009785526658
"2682";0,586894810199738;0,696494035076144
"2683";0,466759532690048;0,368660335421297
"2684";0,073973760008812;0,0855687193042503
"2685";0,408491849899292;0,525773089595507
"2686";0,159304305911064;0,107630483998004
"2687";0,218059867620468;0,322062589432621
"2688";0,599161446094513;0,513195821872899
"2689";0,343132644891739;0,328660500369071
"2690";0,624250888824463;0,510309235838203
"2691";0,321505129337311;0,270516410241607
"2692";0,236894190311432;0,183094090333648
"2693";0,24001070857048;0,304124519074148
"2694";0,725756585597992;0,799792578174935
"2695";0,501420378684998;0,523298872994338
"2696";0,629658043384552;0,830514100972779
"2697";0,382073223590851;0,417526113294378
"2698";0,180425226688385;0,166186943558996
"2699";0,291809797286987;0,331753271120531
"2700";0,265427738428116;0,690720863006751
"2701";0,339798748493195;0,34845423317842
"2702";0,235418528318405;0,169898268460749
"2703";0,222836449742317;0,237939224992887
"2704";0,237974762916565;0,209691918796211
"2705";0,155050799250603;0,238970148576707
"2706";0,679298877716064;0,5315462616649
"2707";0,309000611305237;0,278145244761877
"2708";0,181772008538246;0,420206514612311
"2709";0,472220093011856;0,411752941224985
"2710";0,28611296415329;0,253609263466955
"2711";0,761558473110199;0,680411627168548
"2712";0,40142035484314;0,32453680603379
"2713";0,293171525001526;0,186393045801873
"2714";0,147116750478745;0,0628884004602043
"2715";0,238061755895615;0,226805250287628
"2716";0,316255420446396;0,271959703258956
"2717";0,374083131551743;0,288866850033608
"2718";0,306012779474258;0,316701786796755
"2719";0,193916544318199;0,202063084275941
"2720";0,134452745318413;0,143712809431714
"2721";0,193015888333321;0,209485734079447
"2722";0,408303588628769;0,327011022634958
"2723";0,25470432639122;0,254640187050775
"2724";0,529976785182953;0,673607531515334
"2725";0,242956981062889;0,320825481132037
"2726";0,242877006530762;0,223712479536167
"2727";0,780801117420197;0,754638125203607
"2728";0,549450993537903;0,530721522797844
"2729";0,301807373762131;0,193609510888615
"2730";0,502604484558105;0,631339664578703
"2731";0,638331949710846;0,518968993942293
"2732";0,43882828950882;0,356907806565746
"2733";0,138380974531174;0,152372567535804
"2734";0,269229620695114;0,523298872994338
"2735";0,200487270951271;0,216289829732661
"2736";0,32825842499733;0,281031830796574
"2737";0,12173580378294;0,141444777547309
"2738";0,265751868486404;0,222269186518818
"2739";0,129296347498894;0,0748471140325195
"2740";0,202749475836754;0,121238675304432
"2741";0,30001637339592;0,288042111166552
"2742";0,967730104923248;1
"2743";0,426041603088379;0,26659890062309
"2744";0,577397882938385;0,889482929967299
"2745";0,242393761873245;0,341237768091678
"2746";0,113641776144505;0,159382847905782
"2747";0,426087647676468;0,5447420835378
"2748";0,216965213418007;0,24371239706228
"2749";0,527446269989014;0,593607861410881
"2750";0,829238891601562;0,986389746846405
"2751";0,365788459777832;0,449072374959279
"2752";0,549422860145569;0,500412369433528
"2753";0,700146794319153;0,716493952602257
"2754";0,558513164520264;0,368660335421297
"2755";0,758812189102173;0,681854920185896
"2756";0,348599433898926;0,450103298543099
"2757";0,66634464263916;0,885359235632018
"2758";0,217654660344124;0,196496096923312
"2759";0,430229038000107;0,355670698265162
"2760";0,182973638176918;0,148661242634051
"2761";0,380857884883881;0,405361215005299
"2762";0,604552090167999;0,520412286959641
"2763";0,513339340686798;0,653195244555693
"2764";0,166543319821358;0,147217949616703
"2765";0,736331939697266;0,671339499630929
"2766";0,290906190872192;0,174640516946322
"2767";0,183717370033264;0,200413606541829
"2768";0,228112086653709;0,181032243166008
"2769";0,432431548833847;0,467422814751279
"2770";0,16569097340107;0,190722924853918
"2771";0,32500034570694;0,265980346472798
"2772";0,366714417934418;0,290310143050956
"2773";0,429744511842728;0,297938977571227
"2774";0,408191055059433;0,43134048931757
"2775";0,363128751516342;0,355670698265162
"2776";0,703415095806122;1
"2777";0,445974141359329;0,582680071422386
"2778";0,462030559778214;0,467835184184807
"2779";0,326984405517578;0,406185953872355
"2780";0,193958893418312;0,226186696137336
"2781";0,525223910808563;0,543917344670744
"2782";0,60802298784256;0,685772429804413
"2783";0,460877567529678;0,391753023698871
"2784";0,948589444160461;1
"2785";0,582191824913025;0,252578339883134
"2786";0,229442536830902;0,211959950680616
"2787";0,0881135761737823;0,0682492030960697
"2788";0,405292987823486;0,44762908194193
"2789";0,535010039806366;0,659793155492142
"2790";0,495447158813477;0,484536146242696
"2791";0,185477122664452;0,243300027628752
"2792";0,95170670747757;0,355670698265162
"2793";0,194105938076973;0,100620203628026
"2794";0,443746715784073;1
"2795";0,846939027309418;0,828658438521903
"2796";0,378766149282455;0,401443705386782
"2797";0,205306231975555;0,23608356254201
"2798";0,863426685333252;1
"2799";0,695567727088928;0,742267042197764
"2800";0,850117623806;1
"2801";0,529221475124359;0,483505222658876
"2802";0,466582715511322;0,347217124877836
"2803";0,689804673194885;0,655875645873625
"2804";0,289776921272278;0,366186118820129
"2805";0,668201088905334;0,660411709642434
"2806";0,390011787414551;0,328041946218778
"2807";0,32862401008606;0,31134098416089
"2808";0,157498821616173;0,181032243166008
"2809";0,163905680179596;0,432989967051682
"2810";0,287830859422684;0,303505964923856
"2811";0,628026187419891;0,56103067616216
"2812";0,331783711910248;0,304124519074148
"2813";0,6407750248909;0,692782710174391
"2814";0,512331008911133;0,522267949410518
"2815";0,52662205696106;0,654432352856277
"2816";0,239154770970345;0,276908136461293
"2817";0,408473074436188;0,435464183652851
"2818";0,31429848074913;0,306392550958553
"2819";0,101447269320488;0,0828883179863176
"2820";0,433996349573135;0,512164898289079
"2821";0,192780241370201;0,182475536183356
"2822";0,305758357048035;0,510309235838203
"2823";0,116089776158333;0,0894862289227673
"2824";0,200586661696434;0,156290077154321
"2825";0,463655918836594;0,549484332023373
"2826";0,302859336137772;0,358351099583095
"2827";0,273144274950027;0,333608933571408
"2828";0,407154649496078;0,416495189710558
"2829";0,899354100227356;1
"2830";0,711807668209076;0,740617564463652
"2831";0,315483003854752;0,257939142519
"2832";0,240185841917992;0,313402831328531
"2833";0,34434762597084;0,293815283235945
"2834";0,400660842657089;0,394845794450332
"2835";0,310299217700958;0,289691588900664
"2836";0,170178800821304;0,192166217871267
"2837";0,196686714887619;0,263918499305157
"2838";0,398763060569763;0,391753023698871
"2839";0,395413547754288;0,430721935167278
"2840";0,33275830745697;0,271959703258956
"2841";0,259723961353302;0,308866767559721
"2842";0,428365468978882;0,441443540439009
"2843";0,490921318531036;0,557113166543643
"2844";0,151809647679329;0,170104453177513
"2845";0,424893140792847;0,488453655861213
"2846";0,983468949794769;1
"2847";0,29506504535675;0,309279136993249
"2848";0,628510594367981;0,708865118081987
"2849";0,130876526236534;0,111754178333285
"2850";0,378297686576843;0,368660335421297
"2851";0,315231382846832;0,283299862680979
"2852";0,888046145439148;1
"2853";0,513724565505981;0,697112589226436
"2854";0,330721825361252;0,440206432138424
"2855";0,260641425848007;0,225774326703807
"2856";0,519406795501709;0,532783369965485
"2857";0,259474486112595;0,207836256345335
"2858";0,107027910649776;0,126805662657061
"2859";0,177957728505135;0,133403573593511
"2860";0,569815993309021;0,479587713040359
"2861";0,359835773706436;0,388454068230646
"2862";0,139193370938301;0,104331528529779
"2863";0,386943399906158;0,337320258473161
"2864";0,353590577840805;0,490309318312089
"2865";0,276175111532211;0,319794557548216
"2866";0,345493674278259;0,415670450843502
"2867";0,701456487178802;0,661648817943019
"2868";0,679608285427094;0,712164073550212
"2869";0,646351218223572;0,577319268786521
"2870";0,997572422027588;1
"2871";0,874843120574951;0,723091863538707
"2872";0,495071321725845;0,3342274877217
"2873";0,22248212993145;0,249073199698146
"2874";0,388537019491196;0,424330208947592
"2875";0,339139550924301;0,431959043467862
"2876";0,710828304290771;0,688040461688818
"2877";0,280129849910736;0,175671440530142
"2878";0,539471924304962;0,742267042197764
"2879";0,621926426887512;0,617937657989039
"2880";0,747207462787628;0,762060775007113
"2881";0,271354913711548;0,15979521733931
"2882";0,22781828045845;0,213403243697964
"2883";0,606640875339508;0,857730483585635
"2884";0,416491836309433;0,430103381016985
"2885";0,0764305740594864;0,0558781200902264
"2886";0,212102279067039;0,214846536715313
"2887";0,71553373336792;0,814431693065183
"2888";0,415625393390656;0,422886915930244
"2889";0,131090700626373;0,0979398023100936
"2890";0,206254675984383;0,167217867142816
"2891";0,281442731618881;0,273402996276304
"2892";0,508621454238892;0,461443457965122
"2893";0,445505619049072;0,507216465086742
"2894";0,360462009906769;0,44866000552575
"2895";0,357820928096771;0,329897608669655
"2896";0,350162029266357;0,340206844507858
"2897";0,333005130290985;0,45422699287838
"2898";0,413227021694183;0,212578504830908
"2899";0,889223098754883;1
"2900";0,998246788978577;1
"2901";0,794334352016449;0,682679659052952
"2902";0,563173651695251;0,412371495375277
"2903";0,275885909795761;0,272578257409248
"2904";0,616956114768982;0,578556377087105
"2905";0,200620219111443;0,148455057917287
"2906";0,512564659118652;0,41608282027703
"2907";0,559568643569946;0,474845464554785
"2908";0,245137244462967;0,305361627374732
"2909";0,168557077646255;0,153815860553152
"2910";0,351255536079407;0,418969406311727
"2911";0,355597853660583;0,375258246357747
"2912";0,272158741950989;0,395670533317388
"2913";0,59719306230545;0,587628504624723
"2914";0,195604428648949;0,201032160692121
"2915";0,272671192884445;0,323093513016441
"2916";0,603693783283234;0,551752363907778
"2917";0,727542698383331;0,88597778978231
"2918";0,590112864971161;0,630308740994883
"2919";0,323188573122025;0,266186531189562
"2920";0,99653297662735;1
"2921";0,554693698883057;0,634432435330164
"2922";0,150420039892197;0,152578752252568
"2923";0,566525399684906;0,639174683815737
"2924";0,44869989156723;0,392371577849163
"2925";0,824500024318695;1
"2926";0,236215606331825;0,271959703258956
"2927";0,176000148057938;0,174434332229558
"2928";0,135561361908913;0,091960445523936
"2929";0,257359117269516;0,309897691143542
"2930";0,484976887702942;0,381443787860669
"2931";0,446448177099228;0,420618884045839
"2932";0,746390759944916;0,64948391965394
"2933";0,222423493862152;0,246392798380213
"2934";0,302633851766586;0,362474793918376
"2935";0,140729621052742;0,108249038148296
"2936";0,268167078495026;0,186805415235401
"2937";0,623830139636993;0,670927130197401
"2938";0,230473607778549;0,165980758842232
"2939";0,356406956911087;0,345773831860487
"2940";0,835695564746857;1
"2941";0,154719620943069;0,191960033154502
"2942";0,409716367721558;0,360000577317207
"2943";0,176368430256844;0,193609510888615
"2944";0,651369571685791;0,708452748648459
"2945";0,513273239135742;0,396082902750917
"2946";0,182941198348999;0,355670698265162
"2947";0,506036698818207;0,534639032416361
"2948";0,450379103422165;0,42577350196494
"2949";0,198258444666862;0,209898103512975
"2950";0,434834510087967;0,469072292485392
"2951";0,230695173144341;0,273609180993068
"2952";0,0967163741588593;0,117321165685915
"2953";0,494671076536179;0,108249038148296
"2954";0,155923500657082;0,232784607073785
"2955";0,595164120197296;0,520618471676405
"2956";0,658817529678345;0,701236283561717
"2957";0,374525040388107;0,401237520670018
"2958";0,355844736099243;0,348041863744892
"2959";0,453488290309906;0,47711349643919
"2960";0,539629578590393;0,578350192370341
"2961";0,515887022018433;0,529690599214024
"2962";0,340960890054703;0,449690929109571
"2963";0,15584921836853;0,137114898495264
"2964";0,152201503515244;0,185362122218053
"2965";0,483462989330292;0,47814442002301
"2966";0,431694507598877;0,335670780739048
"2967";0,342558205127716;0,336083150172577
"2968";0,850589394569397;0,896905579770805
"2969";0,10159558057785;0,140826223397017
"2970";0,130787819623947;0,185155937501289
"2971";0,330268651247025;0,323093513016441
"2972";0,256153523921967;0,20659914804475
"2973";0,319821447134018;0,351959373363409
"2974";0,329662054777145;0,357938730149566
"2975";0,485162317752838;1
"2976";0,113519929349422;0,126187108506769
"2977";0,259577929973602;0,245980428946685
"2978";0,190779447555542;0,170310637894277
"2979";0,613147974014282;0,650927212671288
"2980";0,643839240074158;0,655669461156861
"2981";0,839876532554626;0,835462534175117
"2982";0,125009983778;0,176496179397198
"2983";0,281282871961594;0,282062754380394
"2984";0,209886342287064;0,194228065038907
"2985";0,615692496299744;0,767215392926215
"2986";0,86638742685318;1
"2987";0,651925444602966;0,700411544694661
"2988";0,225020810961723;0,360825316184263
"2989";0,290027648210526;0,206186778611222
"2990";0,646503865718842;0,708865118081987
"2991";0,722415030002594;0,795875068556418
"2992";0,569292008876801;0,376289169941567
"2993";0,554655790328979;0,551958548624542
"2994";0,865206837654114;1
"2995";0,313323736190796;0,218145492183537
"2996";0,25897204875946;0,108249038148296
"2997";0,382807940244675;0,412783864808805
"2998";0,659839034080505;1
"2999";0,574018478393555;0,466598075884223
"3000";0,305517822504044;0,432989967051682
"3001";0,210754171013832;0,213403243697964
"3002";0,123787760734558;0,2131970589812
"3003";0,272308021783829;0,368660335421297
"3004";0,249449640512466;0,269073117224259
"3005";0,624079823493958;0,723916602405763
"3006";0,739295542240143;0,776906074614125
"3007";0,305025637149811;0,242475288761696
"3008";0,386602312326431;0,328041946218778
"3009";0,0971242189407349;0
"3010";0,052680604159832;0,0913418913736438
"3011";0,185921415686607;0,214021797848256
"3012";0,35792675614357;0,356701621848982
"3013";0,332928031682968;0,400000412369434
"3014";0,417104870080948;0,312990461895003
"3015";0,266134560108185;0,177939472414547
"3016";0,323527753353119;0,291959620785069
"3017";0,390892654657364;0,317114156230284
"3018";0,273736178874969;0,280207091929518
"3019";0,309484541416168;0,241031995744347
"3020";0,269889920949936;0,263712314588393
"3021";0,544479429721832;0,60474183611614
"3022";0,736660063266754;1
"3023";0,457683354616165;0,425979686681704
"3024";0,290227085351944;0,204331116160346
"3025";0,333593100309372;0,338969736207273
"3026";0,653691351413727;0,752576278035967
"3027";0,182345107197762;0,259382435536348
"3028";0,220929369330406;0,262887575721337
"3029";0,313303917646408;0,184125013917468
"3030";0,209600389003754;0,290928697201249
"3031";0,337792813777924;0,534432847699597
"3032";0,412074685096741;0,353196481663993
"3033";0,265518099069595;0,185155937501289
"3034";0,18066169321537;0,0979398023100936
"3035";0,63465142250061;0,671751869064457
"3036";0,823133945465088;1
"3037";0,264395534992218;0,320206926981744
"3038";0,208283245563507;0,222887740669111
"3039";0,141409665346146;0,119795382287083
"3040";0,0938911288976669;0,0773213306336881
"3041";0,136626332998276;0,0964965092927452
"3042";0,472754806280136;0,487010362843865
"3043";0,234955608844757;0,252578339883134
"3044";0,251082748174667;0,232990791790549
"3045";0,193940401077271;0,27319681155954
"3046";0,657443881034851;0,696494035076144
"3047";0,156402066349983;0,0245380431420901
"3048";0,230214178562164;0,182475536183356
"3049";0,285921990871429;0,342062506958734
"3050";0,447932034730911;0,585566657457083
"3051";0,886448442935944;0,723504232972235
"3052";0,807978689670563;0,882266464880557
"3053";0,590859532356262;0,711957888833448
"3054";0,407332360744476;0,513608191306428
"3055";0,115938141942024;0,115465503235038
"3056";0,70535796880722;0,853812973967118
"3057";0,244085758924484;0,239588702726999
"3058";0,29718291759491;0,315052309062643
"3059";0,49104905128479;0,466598075884223
"3060";0,644470512866974;0,673607531515334
"3061";0,683779716491699;0,727627927307516
"3062";0,552659690380096;0,005156679766269
"3063";0,378839075565338;0,297732792854462
"3064";0,816929876804352;1
"3065";0,403757631778717;0,335876965455813
"3066";0,27397209405899;0,491958796046202
"3067";0,601040959358215;0,444742495907233
"3068";0,0680830702185631;0,0944346621251046
"3069";0,39524108171463;0,441649725155773
"3070";0,519736051559448;0,547010115422204
"3071";0,689338266849518;0,919792083331615
"3072";0,534766852855682;0,403917921987951
"3073";0,261203825473785;0,2447433206461
"3074";0,224331215023994;0,25134123158255
"3075";0,797764718532562;1
"3076";0,390497177839279;0,407835431606468
"3077";0,665545344352722;0,53608232543371
"3078";0,171178594231606;0,199588867674772
"3079";0,461706072092056;0,494226827930606
"3080";0,512747287750244;0,474226910404493
"3081";0,255955517292023;0,278351429478641
"3082";0,747284710407257;0,6210304287405
"3083";0,287002712488174;0,355670698265162
"3084";0,495582938194275;0,571546096717127
"3085";0,617545306682587;0,534226662982833
"3086";0,272726535797119;0,282268939097158
"3087";0,324688136577606;0,274640104576888
"3088";0,151749923825264;0,191753848437738
"3089";0,795053422451019;1
"3090";0,283948212862015;0,150516905084927
"3091";0,233740001916885;0,15216638281904
"3092";0,592200875282288;0,67999925773502
"3093";0,246986329555511;0,159589032622546
"3094";0,780891597270966;0,829483177388959
"3095";0,249469563364983;0,241031995744347
"3096";0,134467884898186;0,0828883179863176
"3097";0,864332616329193;0,549690516740137
"3098";0,28900608420372;0,391546838982107
"3099";0,368421107530594;0,322474958866149
"3100";0,368767142295837;0,232990791790549
"3101";0,0876568853855133;0,0911357066568798
"3102";0,528375148773193;0,531752446381664
"3103";0,109671361744404;0,0690739419631259
"3104";0,452093303203583;0,44103117100548
"3105";0,112448193132877;0,113609840784162
"3106";0,124449588358402;0,103712974379487
"3107";0,551329493522644;0,742267042197764
"3108";0,14873993396759;0,131960280576163
"3109";0,236449345946312;0,170310637894277
"3110";0,142858952283859;0,188248708252749
"3111";0,927465438842773;0,964740351586179
"3112";0,215255439281464;0,199795052391537
"3113";0,402462393045425;0,37030981315541
"3114";0,261808007955551;0,175877625246906
"3115";0,704156458377838;0,716493952602257
"3116";0,855859220027924;0,69628785035938
"3117";0,396032243967056;0,355670698265162
"3118";0,152076631784439;0,130516987558814
"3119";0,0988602712750435;0,088042935905419
"3120";0,801958560943604;0,899585981088738
"3121";0,337289541959763;0,25897006610282
"3122";0,217741802334785;0,198145574657424
"3123";0,278673261404037;0,271959703258956
"3124";0,4318468272686;0,386804590496534
"3125";0,108609020709991;0,11505313380151
"3126";0,156332746148109;0,126393293223533
"3127";0,661637961864471;0,959998103100606
"3128";0,300365656614304;0,305567812091497
"3129";0,40376278758049;0,504329879052045
"3130";0,268102616071701;0,301444117756215
"3131";0,583606541156769;0,54371115995398
"3132";0,311569720506668;0,25031030799873
"3133";0,392535895109177;0,414227157826153
"3134";0,662177503108978;0,527216382612855
"3135";0,329985409975052;0,287011187582732
"3136";0,290156453847885;0,26000098968664
"3137";0,987801492214203;1
"3138";0,957616865634918;1
"3139";0,20221708714962;0,173609593362502
"3140";0,419808804988861;0,422886915930244
"3141";0,294600695371628;0,47051558550274
"3142";0,443466246128082;0,201032160692121
"3143";0,280228912830353;0,204331116160346
"3144";0,212053030729294;0,191753848437738
"3145";0,259249418973923;0,304124519074148
"3146";0,543780088424683;0,634638620046928
"3147";0,617290914058685;0,745565997665989
"3148";0,640093326568604;0,802679164209632
"3149";0,114320911467075;0,0950532162753968
"3150";0,245625257492065;0,220413524067942
"3151";0,268684327602386;0,259382435536348
"3152";0,355342119932175;0,351959373363409
"3153";0,922821462154388;1
"3154";0,147903203964233;0,119795382287083
"3155";0,531734049320221;0,464330043999819
"3156";0,165114477276802;0,213403243697964
"3157";0,184657007455826;0,147217949616703
"3158";0,238971650600433;0,341237768091678
"3159";0,498477101325989;0,80309153364316
"3160";0,297515094280243;0,234227900091134
"3161";0,307592779397964;0,369278889571589
"3162";0,0984167829155922;0,0756718528995757
"3163";0,243178337812424;0,249691753848438
"3164";0,306463599205017;0,304124519074148
"3165";0,998105764389038;1
"3166";0,236378327012062;0,194228065038907
"3167";0,524145841598511;0,524123611861394
"3168";0,314275741577148;0,232578422357021
"3169";0,455715656280518;0,392371577849163
"3170";0,33138582110405;0,1237128919056
"3171";0,387865334749222;0,352577927513701
"3172";0,21067613363266;0,193609510888615
"3173";0,459961503744125;0,417319928577614
"3174";0,53248530626297;0,76288551387417
"3175";0,591952741146088;0,543917344670744
"3176";0,29448327422142;0,345773831860487
"3177";0,526310861110687;0,47051558550274
"3178";0,398954004049301;0,39525816388386
"3179";0,128035798668861;0,150929274518456
"3180";0,100433848798275;0,0901047830730595
"3181";0,232252240180969;0,270722594958371
"3182";0,037176463752985;0,0847439804371941
"3183";0,865999341011047;0,966183644603527
"3184";0,462925314903259;0,383918004461837
"3185";0,373425543308258;0,378557201825972
"3186";0,205168962478638;0,213609428414728
"3187";0,582088649272919;0,5
"3188";0,342531681060791;0,348660417895184
"3189";0,350005894899368;0,432989967051682
"3190";0,632382154464722;0,662473556810075
"3191";0,882385313510895;0,708246563931695
"3192";0,365525364875793;0,355670698265162
"3193";0,226122677326202;0,252578339883134
"3194";0,235162079334259;0,201032160692121
"3195";0,558748543262482;0,329897608669655
"3196";0,558125734329224;0,464742413433347
"3197";0,501837372779846;0,595463523861757
"3198";0,836950123310089;0,810926552880194
"3199";0,998325049877167;1
"3200";0,17921581864357;0,128455140391174
"3201";0,247714802622795;0,309279136993249
"3202";0,278717935085297;0,21113521181356
"3203";0,609685122966766;0,639174683815737
"3204";0,279727041721344;0,365361379953072
"3205";0,471147418022156;0,445361050057526
"3206";0,533759891986847;0,568040956532138
"3207";0,45825058221817;0,439175508554604
"3208";0,373871684074402;0,340206844507858
"3209";0,264918565750122;0,29711423870417
"3210";0,0843399167060852;0,0668059100787213
"3211";0,63911247253418;1
"3212";0,923643410205841;1
"3213";0,687877416610718;0,718555799769898
"3214";0,187855824828148;0,196289912206548
"3215";0,432694762945175;0,391340654265343
"3216";0,720159411430359;0,900616904672558
"3217";0,342812448740005;0,313402831328531
"3218";0,36621081829071;0,366598488253657
"3219";0,0971046462655067;0,0789708083678005
"3220";0,28924298286438;0,117114980969151
"3221";0,225957080721855;0,331959455837296
"3222";0,0961711183190346;0,08453779572043
"3223";0,517792582511902;0,673607531515334
"3224";0,309688866138458;0,297526608137698
"3225";0,201575592160225;0,181238427882772
"3226";0,25735804438591;0,271959703258956
"3227";0,226569652557373;0,208454810495627
"3228";0,634249687194824;0,548659593156317
"3229";0,386905163526535;0,355258328831634
"3230";0,619722008705139;0,475464018705077
"3231";0,244871318340302;0,261856652137517
"3232";0,77714341878891;0,740617564463652
"3233";0,997396111488342;1
"3234";0,338131964206696;0,416289004993794
"3235";0,843754947185516;1
"3236";0,43624672293663;0,531133892231372
"3237";0,152872756123543;0,142063331697601
"3238";0,241100654006004;0,201238345408885
"3239";0,603750705718994;0,819586310984285
"3240";0,224205121397972;0,231547498773201
"3241";0,516134977340698;0,475257833988313
"3242";0,328774780035019;0,369278889571589
"3243";0,87567150592804;0,699586805827605
"3244";0,336868643760681;0,329485239236127
"3245";0,365363359451294;0,377526278242152
"3246";0,339360177516937;0,252578339883134
"3247";0,491982907056808;0,457319763629841
"3248";0,215467676520348;0,250928862149022
"3249";0,434931755065918;0,411340571791457
"3250";0,28175875544548;0,135465420761152
"3251";0,765933096408844;0,543504975237216
"3252";0,479838460683823;0,783297800833811
"3253";0,855367302894592;0,690720863006751
"3254";0,824711382389069;0,836699642475701
"3255";0,227666065096855;0,234640269524662
"3256";0,618596076965332;0,625772677226073
"3257";0,651228487491608;0,663298295677131
"3258";0,34934139251709;0,385155112762422
"3259";0,267870724201202;0,33319656413788
"3260";0,238566398620605;0,259382435536348
"3261";0,415974289178848;0,642473639283962
"3262";0,203657180070877;0,223712479536167
"3263";0,1584582477808;0,213403243697964
"3264";0,497725635766983;0,629896371561354
"3265";0,299999833106995;0,478762974173302
"3266";0,464040607213974;0,582473886705622
"3267";0,131456390023232;0,149485981501107
"3268";0,412366420030594;0,488866025294741
"3269";0,470951408147812;0,479381528323595
"3270";0,23434990644455;0,140207669246725
"3271";0,167691186070442;0,14350662471495
"3272";0,359597563743591;0,26556797703927
"3273";0,475249886512756;0,482474299075055
"3274";0,578824460506439;0,528247306196675
"3275";0,492818385362625;0,488659840577977
"3276";0,140711277723312;0,175259071096614
"3277";0,075530469417572;0,0612389227260919
"3278";0,436806440353394;0,448866190242514
"3279";0,965359151363373;1
"3280";0,294110417366028;0,325155360184082
"3281";0,447982013225555;0,355670698265162
"3282";0,216090440750122;0,199588867674772
"3283";0,35683211684227;0,3789695712595
"3284";0,147872626781464;0,121238675304432
"3285";0,143440142273903;0,0940222926915765
"3286";0,2621710896492;0,197320835790368
"3287";0,633773028850555;1
"3288";0,554947376251221;0,461649642681886
"3289";0,343386441469193;0,356701621848982
"3290";0,153593435883522;0,173609593362502
"3291";0,181148812174797;0,53608232543371
"3292";0,335668176412582;0,4237116547973
"3293";0,799477875232697;0,682267289619424
"3294";0,984470903873444;1
"3295";0,244184300303459;0,211547581247088
"3296";0,96813029050827;1
"3297";0,271540969610214;0,229898021039088
"3298";0,316247373819351;0,21979496991765
"3299";0,331587642431259;0,308660582842957
"3300";0,320673167705536;0,205980593894458
"3301";0,9813392162323;0,952781638013864
"3302";0,252347618341446;0,219588785200886
"3303";0,343900233507156;0,379175755976264
"3304";0,647493898868561;0,630308740994883
"3305";0,940085828304291;1
"3306";0,397103488445282;0,415670450843502
"3307";0,142730951309204;0,133403573593511
"3308";0,521067798137665;0,618350027422567
"3309";0,21023291349411;0,252578339883134
"3310";0,229670330882072;0,185774491651581
"3311";0,435076862573624;0,53608232543371
"3312";0,331131249666214;0,339382105640801
"3313";0,47398853302002;0,425154947814648
"3314";0,283174991607666;0,299588455305339
"3315";0,297589629888535;0,301856487189744
"3316";0,268662512302399;0,304124519074148
"3317";0,5024334192276;0,473608356254201
"3318";0,784293949604034;0,789070972903204
"3319";0,753334939479828;1
"3320";0,21577961742878;0,269897856091315
"3321";0,391854584217072;0,37134073673923
"3322";0,263730198144913;0,181444612599536
"3323";0,436597168445587;0,54577300712162
"3324";0,649901390075684;0,772163826128552
"3325";0,216167747974396;0,267011270056618
"3326";0,682732760906219;0,699174436394077
"3327";0,534584283828735;0,617319103838747
"3328";0,208014458417892;0,270722594958371
"3329";0,277677416801453;0,315052309062643
"3330";0,38165295124054;0,387216959930062
"3331";0,306020081043243;0,313196646611767
"3332";0,392000257968903;0,40185607482031
"3333";0,487158358097076;0,460206349664537
"3334";0,342385023832321;0,276908136461293
"3335";0,305485039949417;0,229898021039088
"3336";0,581489980220795;0,970513523655573
"3337";0,376731842756271;0,257732957802236
"3338";0,971324026584625;1
"3339";0,359549909830093;0,336289334889341
"3340";0,190256655216217;0,184949752784525
"3341";0,341874152421951;0,371546921455994
"3342";0,502481818199158;0,441855909872537
"3343";0,294810712337494;0,36268097863514
"3344";0,185137122869492;0,175465255813378
"3345";0,361891597509384;0,462680566265706
"3346";0,40722668170929;0,381443787860669
"3347";0,239503994584084;0,48371140737564
"3348";0,303055584430695;0,241031995744347
"3349";0,129679799079895;0,12062012115414
"3350";0,576171934604645;0,699792990544369
"3351";0,61200624704361;0,388660252947411
"3352";0,416590243577957;0,417732298011142
"3353";0,339710712432861;0,322474958866149
"3354";0,145156413316727;0,236702116692302
"3355";0,355976134538651;0,315877047929699
"3356";0,270396590232849;0,202475453709469
"3357";0,744718194007874;0,811338922313722
"3358";0,778374135494232;0,903915860140783
"3359";0,566634118556976;0,523711242427866
"3360";0,494258284568787;0,506185541502922
"3361";0,216776996850967;0,161650879790186
"3362";0,193494126200676;0,258557696669292
"3363";0,872694730758667;0,841854260394802
"3364";0,116103626787663;0,0977336175933295
"3365";0,307044923305511;0,287217372299496
"3366";0,212966397404671;0,162269433940479
"3367";0,987134754657745;1
"3368";0,28885942697525;0,311753353594418
"3369";0,43546998500824;0,429072457433165
"3370";0,180119842290878;0,229691836322324
"3371";0,496108025312424;0,304124519074148
"3372";0,475303739309311;0,438763139121076
"3373";0,607826113700867;0,562680153896273
"3374";0,422695577144623;0,617525288555511
"3375";0,403242558240891;0,520206102242877
"3376";0,106132261455059;0,0997954647609701
"3377";0,345458090305328;0,565154370497441
"3378";0,112656906247139;0,152372567535804
"3379";0,185188129544258;0,177733287697783
"3380";0,370537400245667;0,260825728553697
"3381";0,131476491689682;0,0905171525065876
"3382";0,436143517494202;0,35814491486633
"3383";0,286547541618347;0,282062754380394
"3384";0,293371379375458;0,248042276114325
"3385";0,173200443387032;0,175259071096614
"3386";0,319423973560333;0,264124684021922
"3387";0,313340663909912;0,283093677964215
"3388";0,290927648544312;0,31793889509734
"3389";0,168821290135384;0,114434579651218
"3390";0,201562017202377;0,168042606009872
"3391";0,262980073690414;0,384948928045658
"3392";0,585190296173096;0,673813716232098
"3393";0,110084846615791;0,117733535119443
"3394";0,389279305934906;0,335052226588756
"3395";0,319943457841873;0,304124519074148
"3396";0,0365997292101383;0,0515482410381813
"3397";0,240536093711853;0,19031055542039
"3398";0,404013186693192;0,426598240831997
"3399";0,162183031439781;0,203094007859761
"3400";0,51177054643631;0,56206159974598
"3401";0,214154958724976;0,175259071096614
"3402";0,550619304180145;0,541855497503103
"3403";0,253689348697662;0,25897006610282
"3404";0,377299875020981;0,398763304068849
"3405";0,488099187612534;0,467835184184807
"3406";0,151642367243767;0,178145657131311
"3407";0,513963162899017;0,408247801039996
"3408";0,969164967536926;0,849070725481544
"3409";0,20502732694149;0,17505288637985
"3410";0,294705629348755;0,304124519074148
"3411";0,146348521113396;0,114640764367982
"3412";0,542177677154541;0,542474051653395
"3413";0,521121799945831;0,459587795514245
"3414";0,241836577653885;0,180619873732479
"3415";0,259238332509995;0,33319656413788
"3416";0,102632038295269;0,0936099232580484
"3417";0,713168799877167;0,716493952602257
"3418";0,479914516210556;0,896905579770805
"3419";0,543954491615295;0,647215887769535
"3420";0,433128356933594;0,40845398575676
"3421";0,287203460931778;0,434845629502559
"3422";0,369229674339294;0,404948845571771
"3423";0,198652029037476;0,188661077686278
"3424";0,211191222071648;0,148248873200523
"3425";0,24905090034008;0,269073117224259
"3426";0,284655034542084;0,252578339883134
"3427";0,123591102659702;0,112166547766813
"3428";0,419969439506531;0,442474464022829
"3429";0,340007036924362;0,363505717502196
"3430";0,507742524147034;0,486804178127101
"3431";0,729693949222565;0,66474158869448
"3432";0,118790954351425;0,119795382287083
"3433";0,317385256290436;0,242475288761696
"3434";0,21345354616642;0,183506459767176
"3435";0,585973739624023;0,670102391330345
"3436";0,611008048057556;0,979379466476427
"3437";0,333024740219116;0,286392633432439
"3438";0,287916094064713;0,361856239768083
"3439";0,38900238275528;0,453402254011324
"3440";0,31999346613884;0,331547086403767
"3441";0,337315648794174;0,355670698265162
"3442";0,422132253646851;0,423917839514064
"3443";0,461782395839691;0,34185632224197
"3444";0,668111443519592;0,691751786590571
"3445";0,0922170728445053;0,0206205335235731
"3446";0,147257760167122;0,0940222926915765
"3447";0,338901937007904;0,304330703790912
"3448";0,279072761535645;0,294433837386238
"3449";0,11062029749155;0,163300357524299
"3450";0,52484655380249;0,432989967051682
"3451";0,377699375152588;0,375052061640983
"3452";0,373041480779648;0,226805250287628
"3453";0,395487308502197;0,421031253479367
"3454";0,285616785287857;0,292990544368889
"3455";0,18871183693409;0,200207421825065
"3456";0,205427169799805;0,172578669778681
"3457";0,112249091267586;0,112372732483577
"3458";0,569653630256653;0,570515173133307
"3459";0,120873853564262;0,0952594009921609
"3460";0,197107747197151;0,169692083743985
"3461";0,339154213666916;0,342474876392262
"3462";0,375915616750717;0,388454068230646
"3463";0,389654040336609;0,337732627906689
"3464";0,940610706806183;1
"3465";0,73395574092865;0,484536146242696
"3466";0,103018075227737;0,207011517478278
"3467";0,28231006860733;0,247011352530505
"3468";0,113987378776073;0,112578917200341
"3469";0,97107869386673;1
"3470";0,359465926885605;0,428866272716401
"3471";0,123081095516682;0,0777337000672162
"3472";0,625851809978485;0,639174683815737
"3473";0,467150151729584;0,40845398575676
"3474";0,599729478359222;0,497525783398831
"3475";0,523246943950653;0,670927130197401
"3476";0,545314252376556;0,574845052185352
"3477";0,748165547847748;0,664947773411244
"3478";0,209578901529312;0,325980099051138
"3479";0,415214896202087;0,470927954936268
"3480";0,301593005657196;0,22082589350147
"3481";0,278048276901245;0,126187108506769
"3482";0,180455476045609;0,15979521733931
"3483";0,873918831348419;0,91443128069575
"3484";0,557439029216766;0,641236530983377
"3485";0,547293841838837;0,539793650335463
"3486";0,543728411197662;0,470103216069212
"3487";0,234511315822601;0,217939307466773
"3488";0,217390075325966;0,266805085339854
"3489";0,499025583267212;0,510309235838203
"3490";0,596420645713806;0,669483837180053
"3491";0,205615356564522;0,144949917732298
"3492";0,925877094268799;1
"3493";0,617842555046082;0,625360307792545
"3494";0,642026245594025;0,830720285689544
"3495";0,79589718580246;0,838967674360106
"3496";0,398048877716064;0,644535486451602
"3497";0,224235653877258;0,360206762033971
"3498";0,251734733581543;0,690720863006751
"3499";0,213763847947121;0,178351841848075
"3500";0,204537883400917;0,254021632900483
"3501";0,211926862597466;0,261238097987225
"3502";0,23240165412426;0,207423886911807
"3503";0,355917304754257;0,541030758636047
"3504";0,226793751120567;0,268042193640439
"3505";0,265265166759491;0,307011105108845
"3506";0,275051832199097;0,371134552022466
"3507";0,392469942569733;0,690720863006751
"3508";0,35025891661644;0,348248048461656
"3509";0,286833256483078;0,256495849501652
"3510";0,525542557239532;0,516700962057888
"3511";0,468625694513321;0,46948466191892
"3512";0,549785196781158;0,431134304600806
"3513";0,431812882423401;0,434639444785795
"3514";0,401788771152496;0,37134073673923
"3515";0,475724369287491;0,389278807097703
"3516";0,368630528450012;0,411959125941749
"3517";0,311398029327393;0,294640022103002
"3518";0,417435795068741;0,485360885109752
"3519";0,14897046983242;0,103712974379487
"3520";0,282742530107498;0,299382270588575
"3521";0,310153812170029;0,264743238172214
"3522";0,234570384025574;0,282268939097158
"3523";0,847800195217133;1
"3524";0,0817850604653358;0,0725790821481149
"3525";0,357400506734848;0,309691506426778
"3526";0,287873953580856;0,261444282703989
"3527";0,163310587406158;0,137733452645556
"3528";0,224705889821053;0,140826223397017
"3529";0,138983130455017;0,141857146980837
"3530";0,185615256428719;0,261238097987225
"3531";0,347373425960541;0,303299780207092
"3532";0,130976900458336;0,113403656067398
"3533";0,9835045337677;1
"3534";0,50901186466217;0,447835266658694
"3535";0,480060070753098;0,380619048993612
"3536";0,865387380123138;0,794637960255834
"3537";0,271548241376877;0,216289829732661
"3538";0,994463503360748;1
"3539";0,263132870197296;0,328248130935543
"3540";0,400889068841934;0,264949422888978
"3541";0,335213333368301;0,344536723559903
"3542";0,412838160991669;0,397320011051501
"3543";0,175034120678902;0,193403326171851
"3544";0,632449984550476;0,68103018131884
"3545";0,572263121604919;0,931338427470402
"3546";0,85352748632431;0,965565090453235
"3547";0,515264630317688;0,466391891167459
"3548";0,942333519458771;1
"3549";0,533699750900269;0,421855992346423
"3550";0,330216020345688;0,252578339883134
"3551";0,282042264938354;0,207217702195042
"3552";0,409615695476532;0,428866272716401
"3553";0,919268250465393;0,937936338406852
"3554";0,636770308017731;0,671958053781222
"3555";0,411081999540329;0,484536146242696
"3556";0,157523170113564;0,140001484529961
"3557";0,277089208364487;0,423299285363772
"3558";0,693332374095917;0,680411627168548
"3559";0,429068624973297;0,522267949410518
"3560";0,431346952915192;0,408247801039996
"3561";0,81333714723587;0,663916849827423
"3562";0,164652764797211;0,221650632368526
"3563";0,132430598139763;0,123300522472072
"3564";0,484661281108856;0,407423062172939
"3565";0,590391218662262;0,62206135232432
"3566";0,108177684247494;0,104743897963307
"3567";0,11770948767662;0,0865996428880706
"3568";0,200696557760239;0,276495767027765
"3569";0,1468645632267;0,147424134333467
"3570";0,252745002508163;0,215052721432077
"3571";0,379979908466339;0,324742990750554
"3572";0,16691879928112;0,154640599420209
"3573";0,610631167888641;0,455876470612492
"3574";0,336088746786118;0,439381693271368
"3575";0,296098977327347;0,305155442657968
"3576";0,618628561496735;0,52391742714463
"3577";0,333261609077454;0,336083150172577
"3578";0,278887540102005;0,287835926449788
"3579";0,580890417098999;0,468866107768628
"3580";0,635482668876648;0,850101649065365
"3581";0,28449621796608;0,510309235838203
"3582";0,375305712223053;0,304536888507676
"3583";0,408830165863037;0,450928037410155
"3584";0,674741506576538;0,681236366035604
"3585";0,20598141849041;0,304124519074148
"3586";0,644110798835754;0,636700467214568
"3587";0,523959398269653;0,53608232543371
"3588";0,491745501756668;0,547422484855733
"3589";0,214886128902435;0,16742405185958
"3590";0,754843950271606;0,841441890961274
"3591";0,199185132980347;0,196289912206548
"3592";0,169241890311241;0,161032325639894
"3593";0,576642215251923;0,53608232543371
"3594";0,741724729537964;0,707215640347875
"3595";0,64610230922699;0,239794887443763
"3596";0,166697978973389;0,120001567003847
"3597";0,362068355083466;0,263093760438101
"3598";0,342877984046936;0,326392468484666
"3599";0,431793242692947;0,345980016577251
"3600";0,259182035923004;0,336907889039633
"3601";0,50342184305191;0,451752776277211
"3602";0,261079639196396;0,338557366773745
"3603";0,288100987672806;0,267629824206911
"3604";0,370388835668564;0,53608232543371
"3605";0,455307185649872;0,372577845039814
"3606";0,406180799007416;0,363093348068668
"3607";0,805372893810272;0,992575288349326
"3608";0,355312079191208;0,349897526195768
"3609";0,304764300584793;0,332578009987588
"3610";0,430467993021011;0,505773172069394
"3611";0,315334141254425;0,334433672438464
"3612";0,378322154283524;0,457938317780133
"3613";0,987642288208008;1
"3614";0,15909469127655;0,253815448183719
"3615";0,216036319732666;0,178558026564839
"3616";0,315768748521805;0,454845547028672
"3617";0,175847947597504;0,178764211281603
"3618";0,535787343978882;0,498144337549124
"3619";0,661143898963928;0,651958136255108
"3620";0,609773814678192;0,493195904346786
"3621";0,304746598005295;0,361443870334555
"3622";0,56218147277832;0,465773337017167
"3623";0,123014621436596;0,109279961732117
"3624";0,387223184108734;0,507835019237034
"3625";0,577988624572754;0,465154782866875
"3626";0,381919771432877;0,393402501432984
"3627";0,340574383735657;0,235258823674954
"3628";0,206709370017052;0,246392798380213
"3629";0,167749553918839;0,173197223928973
"3630";0,218556001782417;0,275464843443945
"3631";0,188190698623657;0,202063084275941
"3632";0,427238255739212;0,407216877456175
"3633";0,246446639299393;0,252165970449606
"3634";0,313890427350998;0,376907724091859
"3635";0,392369210720062;0,148248873200523
"3636";0,301303327083588;0,282681308530686
"3637";0,504910886287689;0,490309318312089
"3638";0,855717718601227;1
"3639";0,693066537380219;0,571133727283599
"3640";0,253881603479385;0,134022127743803
"3641";0,926221370697021;1
"3642";0,35094091296196;0,639174683815737
"3643";0,233092740178108;0,246392798380213
"3644";0,439145117998123;0,462268196832178
"3645";0,972818613052368;1
"3646";0,449401468038559;0,444123941756941
"3647";0,464242815971375;0,549896701456901
"3648";0,176476582884789;0,145774656599354
"3649";0,493827044963837;0,449484744392807
"3650";0,75383460521698;0,874019076209995
"3651";0,13905693590641;0,109279961732117
"3652";0,0598783083260059;0,0835068721366097
"3653";0,285841196775436;0,27979472249599
"3654";0,237623870372772;0,280000907212754
"3655";0,142512008547783;0,140826223397017
"3656";0,385824710130692;0,35814491486633
"3657";0,734520435333252;0,799174024024643
"3658";0,238418906927109;0,293196729085653
"3659";0,190987795591354;0,150929274518456
"3660";0,21352519094944;0,159382847905782
"3661";0,0810576751828194;0,183918829200704
"3662";0,322678953409195;0,302887410773564
"3663";0,382690221071243;0,432989967051682
"3664";0,50050413608551;0,488866025294741
"3665";0,280455261468887;0,210929027096795
"3666";0,164754197001457;0,136702529061736
"3667";0,0702762454748154;0,0901047830730595
"3668";0,766830623149872;0,835256349458353
"3669";0,48178169131279;0,444948680623997
"3670";0,600087344646454;0,537525618451058
"3671";0,432826787233353;0,462062012115414
"3672";0,108446314930916;0,095877955142453
"3673";0,078342005610466;0,0756718528995757
"3674";0,314352929592133;0,204949670310638
"3675";0,0993552953004837;0,095877955142453
"3676";0,142839446663857;0,159589032622546
"3677";0,310506224632263;0,263918499305157
"3678";0,892860293388367;0,854225343400646
"3679";0,616574823856354;0,683298213203245
"3680";0,190524056553841;0,184537383350996
"3681";0,264632284641266;0,358557284299859
"3682";0,368915677070618;0,37030981315541
"3683";0,846872329711914;1
"3684";0,170088320970535;0,101857311928611
"3685";0,387314021587372;0,406598323305883
"3686";0,180916219949722;0,180826058449244
"3687";0,234560966491699;0,172372485061917
"3688";0,273994207382202;0,329897608669655
"3689";0,251569867134094;0,272578257409248
"3690";0,397230565547943;0,410722017641164
"3691";0,0918435677886009;0,109692331165645
"3692";0,459042251110077;0,492783534913258
"3693";0,506356954574585;0,46185582739865
"3694";0,755698680877686;0,60474183611614
"3695";0,373821347951889;0,526391643745799
"3696";0,208922624588013;0,213403243697964
"3697";0,0922871455550194;0,0515482410381813
"3698";0,489821642637253;0,486804178127101
"3699";0,317490220069885;0,294846206819766
"3700";0,527333796024323;0,496907229248539
"3701";0,280004948377609;0,344124354126375
"3702";0,258758991956711;0,510309235838203
"3703";0,122580491006374;0,0969088787262733
"3704";0,408810466527939;0,362268609201612
"3705";0,1120710298419;0,160207586772838
"3706";0,246844276785851;0,26000098968664
"3707";0,275304347276688;0,267217454773382
"3708";0,53374195098877;0,657937493041266
"3709";0,639673113822937;0,516907146774652
"3710";0,469321310520172;0,470927954936268
"3711";0,669856548309326;0,716081583168729
"3712";0,295436918735504;0,30371214964062
"3713";0,35035029053688;0,253815448183719
"3714";0,130448460578918;0,118764458703263
"3715";0,299413353204727;0,382062342010961
"3716";0,668597161769867;0,70494760846347
"3717";0,221884787082672;0,165568389408703
"3718";0,0928370580077171;0,124950000206185
"3719";0,126784428954124;0,0824759485527895
"3720";0,149340763688087;0,193197141455087
"3721";0,0792030245065689;0,0676306489457775
"3722";0,616874754428864;0,813813138914891
"3723";0,15687695145607;0,154434414703445
"3724";0,690309166908264;0,608865530451421
"3725";0,249387517571449;0,322268774149385
"3726";0,71306449174881;0,859379961319747
"3727";0,495680302381516;0,430928119884042
"3728";0,286492168903351;0,170310637894277
"3729";0,136134296655655;0,187423969385693
"3730";0,352334290742874;0,414639527259681
"3731";0,459659695625305;0,341650137525206
"3732";0,80392462015152;0,768864870660327
"3733";0,784926056861877;0,686390983954705
"3734";0,243273124098778;0,128867509824702
"3735";0,133369088172913;0,150929274518456
"3736";0,185995981097221;0,336289334889341
"3737";0,495834082365036;0,448247636092222
"3738";0,558058798313141;0,588453243491779
"3739";0,395165294408798;0,420206514612311
"3740";0,835919916629791;0,669690021896817
"3741";0,794383585453033;0,80206061005934
"3742";0,45006063580513;0,465979521733931
"3743";0,540531158447266;0,683504397920009
"3744";0,684866189956665;0,914637465412514
"3745";0,350115150213242;0,865359318105905
"3746";0,41338175535202;0,4105158329244
"3747";0,824481546878815;0,87072012074177
"3748";0,163331314921379;0,216702199166189
"3749";0,674205362796783;0,697937328093492
"3750";0,393808275461197;0,434227075352267
"3751";0,0911625698208809;0,0606203685757997
"3752";0,718268036842346;0,862472732071208
"3753";0,360891699790955;0,35505214411487
"3754";0,427662789821625;0,33979447507433
"3755";0,277088761329651;0,241238180461112
"3756";0,819425702095032;0,631133479861939
"3757";0,435758501291275;0,465773337017167
"3758";0,603567361831665;0,548659593156317
"3759";0,226738408207893;0,343918169409611
"3760";0,192124843597412;0,164331281108119
"3761";0,830888092517853;0,939792000857728
"3762";0,18437559902668;0,132991204159983
"3763";0,0837786123156548;0,0775275153504522
"3764";0,234817132353783;0,202681638426233
"3765";0,997065603733063;1
"3766";0,59697961807251;0,559793567861576
"3767";0,466878473758698;0,430721935167278
"3768";0,313556849956512;0,279382353062462
"3769";0,226567655801773;0,201032160692121
"3770";0,338330388069153;0,149485981501107
"3771";0,507109642028809;0,638968499098973
"3772";0,408355206251144;0,703298130729358
"3773";0,176974281668663;0,148455057917287
"3774";0,129508167505264;0,0795893625180927
"3775";0,330334275960922;0,283506047397743
"3776";0,525156676769257;0,490927872462382
"3777";0,32308241724968;0,318763633964396
"3778";0,572107970714569;0,948451758961819
"3779";0,265460729598999;0,230104205755853
"3780";0,253229111433029;0,264743238172214
"3781";0,12567263841629;0,117939719836207
"3782";0,243827104568481;0,212990874264436
"3783";0,220939636230469;0,260825728553697
"3784";0,641639709472656;0,700823914128189
"3785";0,15823931992054;0,12165104473796
"3786";0,139312818646431;0,0940222926915765
"3787";0,189613908529282;0,183918829200704
"3788";0,69128942489624;0,616700549688455
"3789";0,167758345603943;0,167217867142816
"3790";0,327170044183731;0,370722182588938
"3791";0,140239745378494;0,0969088787262733
"3792";0,516279280185699;0,507010280369978
"3793";0,0904198437929153;0,0791769930845646
"3794";0,0963645651936531;0,0886614900557111
"3795";0,221751108765602;0,252578339883134
"3796";0,30229914188385;0,332578009987588
"3797";0,577260553836823;0,525979274312271
"3798";0,456154704093933;0,518968993942293
"3799";0,563193559646606;0,644329301734838
"3800";0,497178107500076;0,53608232543371
"3801";0,99138730764389;1
"3802";0,620124936103821;0,638349944948681
"3803";0,505001127719879;0,491752611329438
"3804";0,484961062669754;0,403093183120894
"3805";0,432168811559677;0,518144255075237
"3806";0,549633264541626;0,572164650867419
"3807";0,513257503509521;0,661030263792727
"3808";0,260766327381134;0,297526608137698
"3809";0,347795456647873;0,248454645547853
"3810";0,397136837244034;0,475670203421842
"3811";0,307698488235474;0,140413853963489
"3812";0,378882616758347;0,451752776277211
"3813";0,429896891117096;0,384742743328893
"3814";0,326089590787888;0,255052556484303
"3815";0,49809730052948;0,519587548092585
"3816";0,777887344360352;0,724122787122527
"3817";0,355935573577881;0,307217289825609
"3818";0,401938110589981;0,405979769155591
"3819";0,311968058347702;0,274433919860124
"3820";0,595446527004242;0,522680318844046
"3821";0,828428864479065;1
"3822";0,27017605304718;0,235465008391718
"3823";0,27758714556694;0,255671110634595
"3824";0,559244871139526;0,558144090127463
"3825";0,476877152919769;0,498556706982652
"3826";0,317348569631577;0,324949175467318
"3827";0,589323699474335;0,554638949942474
"3828";0,244361683726311;0,282062754380394
"3829";0,163917690515518;0,0824759485527895
"3830";0,105695210397243;0,10845522286506
"3831";0,380532205104828;0,44556723477429
"3832";0,998501300811768;1
"3833";0,596747577190399;0,819586310984285
"3834";0,258936911821365;0,300207009455631
"3835";0,267029464244843;0,742267042197764
"3836";0,716630220413208;0,475876388138606
"3837";0,278797298669815;0,249485569131674
"3838";0,35080224275589;0,314846124345879
"3839";0,582142889499664;0,406598323305883
"3840";0,147051423788071;0,143918994148478
"3841";0,369826912879944;0,587628504624723
"3842";0,261622905731201;0,27319681155954
"3843";0,205653131008148;0,163094172807535
"3844";0,0687248781323433;0,080620286101913
"3845";0,471812725067139;0,432989967051682
"3846";0,402135759592056;0,426185871398468
"3847";0,168538644909859;0,142269516414365
"3848";0,451550751924515;0,368660335421297
"3849";0,613188803195953;0,641442715700141
"3850";0,575811147689819;0,329897608669655
"3851";0,416685968637466;0,387010775213298
"3852";0,212939709424973;0,218557861617066
"3853";0,0970069095492363;0,0876305664718908
"3854";0,492679864168167;0,356289252415454
"3855";0,336389720439911;0,432989967051682
"3856";0,243548601865768;0,295877130403586
"3857";0,109472148120403;0,214021797848256
"3858";0,658026337623596;0,463092935699234
"3859";0,159351244568825;0,381443787860669
"3860";0,478464812040329;0,401649890103546
"3861";0,252991855144501;0,177527102981019
"3862";0,352137058973312;0,402680813687366
"3863";0,343027323484421;0,311959538311182
"3864";0,13862256705761;0,0874243817551268
"3865";0,130869418382645;0,151960198102276
"3866";0,4248206615448;0,350722265062825
"3867";0,477745234966278;0,480618636624179
"3868";0,165071040391922;0,18268172090012
"3869";0,994691014289856;0,874431445643523
"3870";0,212777838110924;0,161444695073422
"3871";0,545743107795715;0,304124519074148
"3872";0,410420358181;0,366186118820129
"3873";0,340819239616394;0,407216877456175
"3874";0,368804007768631;0,377732462958916
"3875";0,17888380587101;0,11299128663387
"3876";0,539060711860657;0,527628752046383
"3877";0,33117002248764;0,313609016045295
"3878";0,158520504832268;0,175259071096614
"3879";0,187799230217934;0,355670698265162
"3880";0,300235897302628;0,304124519074148
"3881";0,599348843097687;0,603504727815555
"3882";0,193544805049896;0,157114816021377
"3883";0,457104980945587;0,896905579770805
"3884";0,51451301574707;0,520618471676405
"3885";0,829223394393921;0,960410472534134
"3886";0,26969313621521;0,333402748854644
"3887";0,348462581634521;0,449072374959279
"3888";0,386410087347031;0,318557449247632
"3889";0,263317465782166;0,255052556484303
"3890";0,251416176557541;0,25690821893518
"3891";0,748804092407227;0,75072061558509
"3892";0,785353064537048;0,819586310984285
"3893";0,340390980243683;0,314021385478823
"3894";0,112280122935772;0,226805250287628
"3895";0,0969984754920006;0,154846784136973
"3896";0,804480910301208;0,929482765019526
"3897";0,203149721026421;0,127630401524117
"3898";0,425610721111298;0,385773666912714
"3899";0,491350203752518;0,369278889571589
"3900";0,432930260896683;0,454845547028672
"3901";0,26842075586319;0,26453705345545
"3902";0,299196362495422;0,277732875328349
"3903";0,387373089790344;0,252578339883134
"3904";0,161647588014603;0,104950082680071
"3905";0,286572486162186;0,264743238172214
"3906";0,254220366477966;0,238763963859943
"3907";0,380386084318161;0,256495849501652
"3908";0,204528421163559;0,108249038148296
"3909";0,336275935173035;0,300413194172395
"3910";0,560353577136993;1
"3911";0,0898733213543892;0,0909295219401157
"3912";0,250979036092758;0,244537135929336
"3913";0,466955035924911;0,499793815283236
"3914";0,349355280399323;0,368660335421297
"3915";0,602722525596619;0,776287520463833
"3916";0,439201027154922;0,384330373895365
"3917";0,303449213504791;0,248042276114325
"3918";0,206176921725273;0,232578422357021
"3919";0,376753568649292;0,372577845039814
"3920";0,138145387172699;0,115465503235038
"3921";0,141359359025955;0,12062012115414
"3922";0,40071627497673;0,32762957678525
"3923";0,407797038555145;0,393608686149748
"3924";0,270624309778214;0,203300192576525
"3925";0,226909831166267;0,173197223928973
"3926";0,385809361934662;0,355670698265162
"3927";0,996683180332184;1
"3928";0,819705486297607;0,828864623238667
"3929";0,36451518535614;0,288660665316844
"3930";0,628393769264221;0,545154452971328
"3931";0,108837753534317;0,235465008391718
"3932";0,784994781017303;0,714432105434617
"3933";0,235011592507362;0,201856899559177
"3934";0,109675407409668;0,107218114564476
"3935";0,143828362226486;0,0985583564603857
"3936";0,404725700616837;0,44103117100548
"3937";0,28357344865799;0,394433425016804
"3938";0,252824187278748;0,299382270588575
"3939";0,146629557013512;0,110929439466229
"3940";0,415829837322235;0,503917509618517
"3941";0,447865396738052;0,512989637156135
"3942";0,447123616933823;0,630308740994883
"3943";0,232678413391113;0,225155772553515
"3944";0,133887335658073;0,22948565160556
"3945";0,641944825649261;0,52948441449726
"3946";0,510637938976288;0,55896882899452
"3947";0,584203600883484;0,577525453503285
"3948";0,185510754585266;0,291341066634777
"3949";0,177041247487068;0,130929356992342
"3950";0,351540386676788;0,298969901155047
"3951";0,565632700920105;0,396701456901209
"3952";0,225261628627777;0,225361957270279
"3953";0,424527317285538;0,481855744924763
"3954";0,596022963523865;0,593607861410881
"3955";0,536245048046112;0,572989389734475
"3956";0,562708616256714;0,690720863006751
"3957";0,236817821860313;0,201856899559177
"3958";0,485969990491867;0,303093595490328
"3959";0,326490849256516;0,384536558612129
"3960";0,0825323611497879;0,10639337569742
"3961";0,216511413455009;0,298763716438283
"3962";0,210111483931541;0,258145327235764
"3963";0,479800850152969;0,411546756508221
"3964";0,627570152282715;0,633195327029579
"3965";0,327988058328629;0,24268147347846
"3966";0,240860030055046;0,257114403651944
"3967";0,213528633117676;0,305361627374732
"3968";0,380687445402145;0,435051814219323
"3969";0,356437921524048;0,371959290889522
"3970";0,907263398170471;0,807833782128733
"3971";0,302864283323288;0,305567812091497
"3972";0,377293169498444;0,337320258473161
"3973";0,174429714679718;0,204331116160346
"3974";0,690966069698334;0,645566410035423
"3975";0,531567394733429;0,517113331491417
"3976";0,150153160095215;0,278351429478641
"3977";0,212836399674416;0,16742405185958
"3978";0,464475631713867;0,604123281965848
"3979";0,779034793376923;0,852782050383297
"3980";0,253534287214279;0,197320835790368
"3981";0,219969540834427;0,174228147512794
"3982";0,131596654653549;0,141444777547309
"3983";0,275403767824173;0,256083480068123
"3984";0,317219763994217;0,398557119352085
"3985";0,641102313995361;0,863916025088556
"3986";0,189381748437881;0,208867179929155
"3987";0,146936386823654;0,166599312992524
"3988";0,262756675481796;0,263712314588393
"3989";0,709444403648376;0,721030016371067
"3990";0,661842286586761;0,693195079607919
"3991";0,398046940565109;0,317114156230284
"3992";0,231558308005333;0,178970395998367
"3993";0,399112612009048;0,396907641617973
"3994";0,538894355297089;0,433814705918738
"3995";0,292815148830414;0,262681391004573
"3996";0,374494075775146;0,406804508022647
"3997";0,496676117181778;0,459175426080717
"3998";0,422692537307739;0,364536641086016
"3999";0,542324125766754;0,845359400579791
"4000";0,231485947966576;0,200001237108301
"4001";0,353797346353531;0,290722512484485
"4002";0,684274196624756;0,393402501432984
"4003";0,50307422876358;0,420206514612311
"4004";0,492710739374161;0,44103117100548
"4005";0,233678355813026;0,347010940161071
"4006";0,119659371674061;0,183918829200704
"4007";0,124167419970036;0,132166465292927
"4008";0,361758470535278;0,329072869802599
"4009";0,319547683000565;0,257320588368708
"4010";0,389931797981262;0,285980263998911
"4011";0,284365594387054;0,239794887443763
"4012";0,282099813222885;0,309279136993249
"4013";0,556924760341644;0,398557119352085
"4014";0,27580189704895;0,298969901155047
"4015";0,263447910547256;0,242269104044932
"4016";0,224761962890625;0,224124848969695
"4017";0,543351411819458;0,516082407907596
"4018";0,163575232028961;0,501649477734112
"4019";0,134145990014076;0,150929274518456
"4020";0,230845764279366;0,290516327767721
"4021";0,200780779123306;0,198764128807716
"4022";0,219823285937309;0,175259071096614
"4023";0,932421982288361;0,781648323099699
"4024";0,287652492523193;0,377526278242152
"4025";0,280998766422272;0,340000659791094
"4026";0,463013261556625;0,332578009987588
"4027";0,576059103012085;0,484536146242696
"4028";0,220606654882431;0,163918911674591
"4029";0,147724285721779;0,158145739605198
"4030";0,362654596567154;0,375052061640983
"4031";0,20802828669548;0,126599477940297
"4032";0,0977765917778015;0,054434827072878
"4033";0,424819141626358;0,442680648739593
"4034";0,265128463506699;0,286598818149204
"4035";0,175954654812813;0,198764128807716
"4036";0,426104933023453;0,330722347536711
"4037";0,281016319990158;0,267629824206911
"4038";0,388002783060074;0,342474876392262
"4039";0,18435400724411;0,163712726957827
"4040";0,993183493614197;1
"4041";0,428877413272858;0,39525816388386
"4042";0,331333428621292;0,417938482727906
"4043";0,232351139187813;0,179588950148659
"4044";0,32726389169693;0,298145162287991
"4045";0,335291236639023;0,29505239153653
"4046";0,352954030036926;0,344949092993431
"4047";0,0913730412721634;0,105981006263892
"4048";0,356952607631683;0,453814623444852
"4049";0,902278125286102;0,722885678821943
"4050";0,265458703041077;0,344536723559903
"4051";0,427286893129349;0,424536393664356
"4052";0,379919230937958;0,449072374959279
"4053";0,39634695649147;0,328248130935543
"4054";0,463773429393768;0,654638537573041
"4055";0,101660057902336;0,0907233372233517
"4056";0,219049990177155;0,252578339883134
"4057";0,158784911036491;0,132372650009691
"4058";0,744172930717468;0,663710665110659
"4059";0,671400129795074;0,42268073121348
"4060";0,0813479423522949;0,0748471140325195
"4061";0,514612317085266;0,432989967051682
"4062";0,259093403816223;0,238763963859943
"4063";0,536969780921936;0,515463853757304
"4064";0,136973470449448;0,164125096391355
"4065";0,267596811056137;0,317114156230284
"4066";0,107702434062958;0,196496096923312
"4067";0,569195449352264;0,566185294081262
"4068";0,412748694419861;0,447216712508402
"4069";0,252320617437363;0,307423474542373
"4070";0,309616297483444;0,322268774149385
"4071";0,322288066148758;0,398350934635321
"4072";0,195041447877884;0,201032160692121
"4073";0,469216823577881;0,740617564463652
"4074";0,219859436154366;0,212578504830908
"4075";0,455573260784149;0,312784277178238
"4076";0,556995987892151;0,62206135232432
"4077";0,174919500946999;0,140826223397017
"4078";0,295068025588989;0,26000098968664
"4079";0,188971787691116;0,165980758842232
"4080";0,107329107820988;0,122888153038544
"4081";0,629774808883667;0,569278064832722
"4082";0,996224522590637;1
"4083";0,555952429771423;0,458763056647189
"4084";0,570793688297272;0,552577102774834
"4085";0,195381179451942;0,255258741201067
"4086";0,210302114486694;0,155671523004029
"4087";0,245198309421539;0,197527020507132
"4088";0,564215898513794;0,577937822936813
"4089";0,542221128940582;0,44866000552575
"4090";0,416561841964722;0,467628999468043
"4091";0,275948226451874;0,1237128919056
"4092";0,215898498892784;0,143300439998186
"4093";0,396767675876617;0,355670698265162
"4094";0,886024594306946;1
"4095";0,448317289352417;0,425567317248176
"4096";0,230478763580322;0,268042193640439
"4097";0,358793050050735;0,278969983628933
"4098";0,462478369474411;0,602886173665263
"4099";0,587637305259705;0,518350439792001
"4100";0,846638917922974;1
"4101";0,491017609834671;0,382268526727725
"4102";0,951427757740021;0,924740516533952
"4103";0,501551389694214;0,535463771283417
"4104";0,981406331062317;1
"4105";0,452780842781067;0,458556871930425
"4106";0,221895560622215;0,192784772021559
"4107";0,412342935800552;0,547628669572497
"4108";0,787308275699615;0,648040626636591
"4109";0,555564105510712;0,475051649271549
"4110";0,255172163248062;0,188248708252749
"4111";0,679765582084656;0,64948391965394
"4112";0,342513531446457;0,303299780207092
"4113";0,226874366402626;0,297320423420934
"4114";0,28682279586792;0,280207091929518
"4115";0,38019335269928;0,322268774149385
"4116";0,132397189736366;0,0975274328765655
"4117";0,214765310287476;0,164537465824883
"4118";0,239827498793602;0,143712809431714
"4119";0,252193063497543;0,171341561478097
"4120";0,314686238765717;0,415876635560266
"4121";0,390675246715546;0,281650384946866
"4122";0,366606682538986;0,340206844507858
"4123";0,256750911474228;0,334433672438464
"4124";0,458068013191223;0,256083480068123
"4125";0,292190611362457;0,252578339883134
"4126";0,779355406761169;1
"4127";0,189619034528732;0,177527102981019
"4128";0,408752173185349;0,261238097987225
"4129";0,362250298261642;0,252578339883134
"4130";0,386868745088577;0,432989967051682
"4131";0,155695900321007;0,127424216807353
"4132";0,632768869400024;0,53608232543371
"4133";0,296946138143539;0,320619296415273
"4134";0,380092233419418;0,306186366241789
"4135";0,291283071041107;0,236702116692302
"4136";0,369739323854446;0,305980181525025
"4137";0,381017684936523;0,36474282580278
"4138";0,216540038585663;0,210722842380031
"4139";0,491561621427536;0,489072210011505
"4140";0,303925752639771;0,280000907212754
"4141";0,347580581903458;0,397732380485029
"4142";0,383909225463867;0,4105158329244
"4143";0,327006608247757;0,352165558080173
"4144";0,291972994804382;0,243918581779044
"4145";0,711750566959381;0,429897196300221
"4146";0,685614407062531;0,535669956000181
"4147";0,43752846121788;0,408660170473524
"4148";0,126702055335045;0,116908796252387
"4149";0,234469294548035;0,232990791790549
"4150";0,139547750353813;0,310516245293834
"4151";0,981853723526001;0,965565090453235
"4152";0,703615605831146;0,637112836648096
"4153";0,318575322628021;0,272784442126012
"4154";0,481860011816025;0,381443787860669
"4155";0,104783453047276;0,110104700599173
"4156";0,343960046768188;0,451340406843683
"4157";0,337837189435959;0,245155690079629
"4158";0,718993425369263;0,772782380278844
"4159";0,416064292192459;0,404948845571771
"4160";0,377535164356232;0,344949092993431
"4161";0,771424531936646;0,775668966313541
"4162";0,0885611101984978;0,0905171525065876
"4163";0,219260364770889;0,256495849501652
"4164";0,211810529232025;0,32556772961761
"4165";0,675772547721863;0,663916849827423
"4166";0,506382584571838;0,483505222658876
"4167";0,174132585525513;0,198351759374188
"4168";0,118828848004341;0,0865996428880706
"4169";0,555806934833527;0,47711349643919
"4170";0,273400723934174;0,314227570195587
"4171";0,299941152334213;0,379381940693028
"4172";0,344244718551636;0,312578092461474
"4173";0,280190527439117;0,239176333293471
"4174";0,48781481385231;0,430515750450514
"4175";0,563117980957031;0,624947938359017
"4176";0,0530168078839779;0,0837130568533738
"4177";0,553126513957977;0,981853683077596
"4178";0,390638828277588;0,366186118820129
"4179";0,308859288692474;0,263712314588393
"4180";0,512529373168945;0,690720863006751
"4181";0,340642720460892;0,291341066634777
"4182";0,368948519229889;0,398557119352085
"4183";0,737473905086517;0,65154576682158
"4184";0,135092571377754;0,264743238172214
"4185";0,447474896907806;0,493814458497078
"4186";0,294440478086472;0,352784112230465
"4187";0,532674312591553;0,473814540970965
"4188";0,389133393764496;1
"4189";0,293067276477814;0,278557614195405
"4190";0,113788306713104;0,15979521733931
"4191";0,448765158653259;0,489896948878561
"4192";0,373760968446732;0,472165063236853
"4193";0,56628292798996;0,374433507490691
"4194";0,589825212955475;0,492164980762966
"4195";0,256151258945465;0,261238097987225
"4196";0,992597937583923;1
"4197";0,108259871602058;0,0911357066568798
"4198";0,273710966110229;0,312784277178238
"4199";0,240102753043175;0,255671110634595
"4200";0,433081775903702;0,495670120947955
"4201";0,65359228849411;0,879792248279389
"4202";0,218394786119461;0,225361957270279
"4203";0,454329818487167;0,387010775213298
"4204";0,229597538709641;0,222269186518818
"4205";0,181879818439484;0,213403243697964
"4206";0,440722525119781;0,454433177595144
"4207";0,143430471420288;0,162887988090771
"4208";0,400419265031815;0,468041368901572
"4209";0,381505101919174;0,582267701988858
"4210";0,447365403175354;0,381443787860669
"4211";0,207702919840813;0,238145409709651
"4212";0,0858397781848907;0,136702529061736
"4213";0,912018239498138;1
"4214";0,297233730554581;0,424948763097884
"4215";0,0669255405664444;0,0740223751654632
"4216";0,235226660966873;0,137733452645556
"4217";0,223317176103592;0,185362122218053
"4218";0,48009791970253;0,465154782866875
"4219";0,14505510032177;0,114228394934454
"4220";0,404675960540771;0,436495107236671
"4221";0,6232550740242;0,57422649803506
"4222";0,690120577812195;0,692576525457627
"4223";0,201020464301109;0,211959950680616
"4224";0,350244373083115;0,570102803699779
"4225";0,998087346553802;1
"4226";0,096225842833519;0,0847439804371941
"4227";0,339480578899384;0,329897608669655
"4228";0,197341561317444;0,202269268992705
"4229";0,483754992485046;0,450515667976627
"4230";0,220377594232559;0,167836421293108
"4231";0,265940517187119;0,307835843975901
"4232";0,181967243552208;0,21979496991765
"4233";0,279724150896072;0,271959703258956
"4234";0,230963379144669;0,198764128807716
"4235";0,476569294929504;0,443711572323413
"4236";0,929088115692139;1
"4237";0,393404245376587;0,320825481132037
"4238";0,255190998315811;0,298763716438283
"4239";0,209361925721169;0,160001402056074
"4240";0,828177988529205;0,889895299400827
"4241";0,872241079807281;0,963297058568831
"4242";0,266569882631302;0,351753188646645
"4243";0,348667979240417;0,338969736207273
"4244";0,171942040324211;0,164331281108119
"4245";0,699075281620026;0,872163413759119
"4246";0,30307924747467;0,226805250287628
"4247";0,250682979822159;0,188248708252749
"4248";0,295906037092209;0,254021632900483
"4249";0,562944889068604;0,624535568925489
"4250";0,404798537492752;0,410722017641164
"4251";0,419982552528381;0,343918169409611
"4252";0,155193775892258;0,204743485593874
"4253";0,250975966453552;0,243300027628752
"4254";0,255831122398376;0,20453730087711
"4255";0,372718334197998;0,273815365709832
"4256";0,181105732917786;0,171135376761333
"4257";0,243340536952019;0,201444530125649
"4258";0,123097360134125;0,105568636830364
"4259";0,878185093402863;0,844534661712735
"4260";0,293151468038559;0,300413194172395
"4261";0,35569554567337;0,475257833988313
"4262";0,231531918048859;0,307629659259137
"4263";0,662933528423309;0,557525535977171
"4264";0,301029145717621;0,322062589432621
"4265";0,441011339426041;0,414639527259681
"4266";0,295760810375214;0,321856404715857
"4267";0,0552679114043713;0,0587647061249232
"4268";0,286391377449036;0,165568389408703
"4269";0,445944577455521;0,428866272716401
"4270";0,246068716049194;0,289279219467136
"4271";0,463856786489487;0,353402666380757
"4272";0,0943285003304482;0,0773213306336881
"4273";0,429032057523727;0,306186366241789
"4274";0,759949564933777;1
"4275";0,332862585783005;0,30371214964062
"4276";0,224984213709831;0,281238015513338
"4277";0,222098737955093;0,220001154634414
"4278";0,997393131256104;0,793813221388778
"4279";0,243689715862274;0,304949257941204
"4280";0,16460594534874;0,0812388402522052
"4281";0,284055441617966;0,346598570727543
"4282";0,50874537229538;0,721854755238123
"4283";0,459002733230591;0,457732133063369
"4284";0,638415336608887;0,927008548418357
"4285";0,270533561706543;0,244124766495808
"4286";0,177173972129822;0,224124848969695
"4287";0,432004660367966;0,417526113294378
"4288";0,570256233215332;0,53917509618517
"4289";0,669286847114563;0,632164403445759
"4290";0,458001285791397;0,434433260069031
"4291";0,292429894208908;0,330309978103183
"4292";0,247507452964783;0,181444612599536
"4293";0,233824223279953;0,289073034750372
"4294";0,541761696338654;0,385155112762422
"4295";0,837661385536194;0,690720863006751
"4296";0,21543188393116;0,201032160692121
"4297";0,489425212144852;0,541649312786339
"4298";0,182378947734833;0,300825563605923
"4299";0,276432752609253;0,286186448715675
"4300";0,103494442999363;0,155877707720793
"4301";0,340597093105316;0,344536723559903
"4302";0,395700395107269;0,113403656067398
"4303";0,358260184526443;0,34288724582579
"4304";0,683195769786835;0,735875315978078
"4305";0,24340657889843;0,175259071096614
"4306";0,452118694782257;0,431134304600806
"4307";0,198096752166748;0,345361462426959
"4308";0,313095510005951;0,325155360184082
"4309";0,509828269481659;0,596906816879106
"4310";0,519610464572906;0,519999917526113
"4311";0,392126202583313;0,379794310126556
"4312";0,29935085773468;0,313402831328531
"4313";0,230950504541397;0,209691918796211
"4314";0,348963469266891;0,265774161756034
"4315";0,220834583044052;0,173609593362502
"4316";0,10254779458046;0,109486146448881
"4317";0,811552822589874;0,25897006610282
"4318";0,385247379541397;0,352577927513701
"4319";0,204196259379387;0,286598818149204
"4320";0,49379774928093;0,430515750450514
"4321";0,44405934214592;0,4105158329244
"4322";0,209245756268501;0,197114651073604
"4323";0,435900121927261;0,354433589964577
"4324";0,348758637905121;0,347010940161071
"4325";0,395289987325668;0,317114156230284
"4326";0,99745237827301;1
"4327";0,242920503020287;0,219382600484122
"4328";0,259986966848373;0,267836008923675
"4329";0,337634235620499;0,344536723559903
"4330";0,201485976576805;0,164125096391355
"4331";0,293396860361099;0,294846206819766
"4332";0,28985720872879;0,191547663720974
"4333";0,328921049833298;0,248660830264617
"4334";0,300428301095963;0,2894854041839
"4335";0,123905159533024;0,201032160692121
"4336";0,125618308782578;0,12927987925823
"4337";0,650747418403625;0,637937575515153
"4338";0,712429404258728;0,770926717827968
"4339";0,58464115858078;0,307011105108845
"4340";0,242960050702095;0,292165805501833
"4341";0,119200572371483;0,10082638834479
"4342";0,596254229545593;0,602886173665263
"4343";0,241796880960464;0,139795299813197
"4344";0,721239149570465;0,650927212671288
"4345";0,709586203098297;0,576082160485936
"4346";0,138928711414337;0,136702529061736
"4347";0,956025123596191;0,950101236695931
"4348";0,433081179857254;0,383918004461837
"4349";0,484726786613464;0,525360720161979
"4350";0,42385146021843;0,437526030820491
"4351";0,199633359909058;0,0463936231190799
"4352";0,232202664017677;0,1684549754434
"4353";0,223379954695702;0,247836091397561
"4354";0,715100347995758;0,791339004787609
"4355";0,210206151008606;0,207011517478278
"4356";0,837404906749725;0,744328889365405
"4357";0,381620764732361;0,252578339883134
"4358";0,225855529308319;0,270928779675135
"4359";0,225378572940826;0,263093760438101
"4360";0,136942461133003;0,14453754829877
"4361";0,0999747216701508;0,0909295219401157
"4362";0,279287129640579;0,232166052923493
"4363";0,623449981212616;0,790926635354081
"4364";0,34146636724472;0,294021467952709
"4365";0,577413022518158;0,618762396856095
"4366";0,37788787484169;0,417319928577614
"4367";0,114674754440784;0,114846949084746
"4368";0,182753905653954;0,151754013385512
"4369";0,343925297260284;0,340206844507858
"4370";0,589433491230011;0,64494785588513
"4371";0,700732886791229;0,648246811353355
"4372";0,565784692764282;0,554226580508946
"4373";0,135103985667229;0,119383012853555
"4374";0,519516348838806;0,793813221388778
"4375";0,355920702219009;0,422886915930244
"4376";0,354653477668762;0,337938812623453
"4377";0,252363085746765;0,235258823674954
"4378";0,424804478883743;0,455876470612492
"4379";0,449696362018585;0,454433177595144
"4380";0,415432691574097;0,476701127005662
"4381";0,120363779366016;0,122269598888252
"4382";0,751367747783661;0,657731308324502
"4383";0,086317352950573;0,0775275153504522
"4384";0,495347380638123;0,576082160485936
"4385";0,113850973546505;0,101032573061554
"4386";0,264437824487686;0,283918416831271
"4387";0,453231245279312;0,368660335421297
"4388";0,272147983312607;0,27319681155954
"4389";0,302352875471115;0,303299780207092
"4390";0,260529518127441;0,240207256877291
"4391";0,114514224231243;0,142063331697601
"4392";0,688304364681244;0,534226662982833
"4393";0,602528214454651;0,750102061434798
"4394";0,934651732444763;1
"4395";0,480642586946487;0,327423392068486
"4396";0,276552468538284;0,430928119884042
"4397";0,179381430149078;0,193403326171851
"4398";0,249835789203644;0,258351511952528
"4399";0,276645004749298;0,269691671374551
"4400";0,226028323173523;0,329897608669655
"4401";0,126926675438881;0,0892800442060033
"4402";0,302143692970276;0,25134123158255
"4403";0,135037362575531;0,20350637729329
"4404";0,345734804868698;0,352990296947229
"4405";0,220803484320641;0,167011682426052
"4406";0,288564682006836;0,171753930911625
"4407";0,316545218229294;0,310928614727362
"4408";0,437595456838608;0,334433672438464
"4409";0,261329084634781;0,26556797703927
"4410";0,127698093652725;0,108867592298588
"4411";0,241021975874901;0,199176498241244
"4412";0,0966370850801468;0,0936099232580484
"4413";0,343381613492966;0,263712314588393
"4414";0,435927897691727;0,390722100115051
"4415";0,328068345785141;0,362474793918376
"4416";0,705772757530212;0,561855415029216
"4417";0,431021749973297;0,362268609201612
"4418";0,0965275317430496;0,103506789662723
"4419";0,528101980686188;0,465979521733931
"4420";0,292675048112869;0,347010940161071
"4421";0,296236246824265;0,0824759485527895
"4422";0,41754361987114;0,379794310126556
"4423";0,236420065164566;0,209073364645919
"4424";0,18391153216362;0,175877625246906
"4425";0,386159121990204;0,408660170473524
"4426";0,457213044166565;0,647834441919827
"4427";0,138566091656685;0,091960445523936
"4428";0,0942691639065742;0,0750532987492835
"4429";0,359777450561523;0,371959290889522
"4430";0,15001854300499;0,108249038148296
"4431";0,103769958019257;0,108249038148296
"4432";0,727054297924042;0,783916354984103
"4433";0,0887315794825554;0,0861872734545425
"4434";0,275500565767288;0,293815283235945
"4435";0,484154790639877;0,723504232972235
"4436";0,279247313737869;0,225980511420571
"4437";0,224507659673691;0,359588207883679
"4438";0,167480066418648;0,161650879790186
"4439";0,101306915283203;0,129898433408522
"4440";0,956493377685547;1
"4441";0,30194616317749;0,428660087999637
"4442";0,311680108308792;0,287217372299496
"4443";0,241740942001343;0,186393045801873
"4444";0,213321641087532;0,209898103512975
"4445";0,355152398347855;0,397732380485029
"4446";0,58494234085083;0,702267207145538
"4447";0,115432418882847;0,0952594009921609
"4448";0,0925971940159798;0,126599477940297
"4449";0,286750435829163;0,155877707720793
"4450";0,193469136953354;0,15319730640286
"4451";0,501213431358337;0,507835019237034
"4452";0,977702975273132;1
"4453";0,846262395381927;1
"4454";0,542949914932251;0,56865951068243
"4455";0,297550171613693;0,203300192576525
"4456";0,973569512367249;1
"4457";0,216565921902657;0,169692083743985
"4458";0,180361911654472;0,0717543432810586
"4459";0,515353620052338;0,446185788924582
"4460";0,131393805146217;0,0672182795122494
"4461";0,124567724764347;0,117321165685915
"4462";0,125916630029678;0,0989707258939138
"4463";0,852457106113434;0,864946948672377
"4464";0,265174925327301;0,300207009455631
"4465";0,774224758148193;0,999997938152832
"4466";0,994634568691254;1
"4467";0,225414708256721;0,220413524067942
"4468";0,470467895269394;0,420618884045839
"4469";0,603180408477783;0,470309400785976
"4470";0,577483713626862;0,742267042197764
"4471";0,456411063671112;0,639174683815737
"4472";0,433587610721588;0,367629411837477
"4473";0,13704314827919;0,184743568067761
"4474";0,622120678424835;0,562680153896273
"4475";0,39511513710022;0,36268097863514
"4476";0,407651156187057;0,462680566265706
"4477";0,155427992343903;0,171960115628389
"4478";0,36118221282959;0,341031583374914
"4479";0,265126168727875;0,214021797848256
"4480";0,307086139917374;0,231341314056437
"4481";0,934079468250275;1
"4482";0,249306738376617;0,304124519074148
"4483";0,126275986433029;0,117527350402679
"4484";0,166377052664757;0,140620038680253
"4485";0,183038219809532;0,230104205755853
"4486";0,407835066318512;0,463299120415998
"4487";0,186577841639519;0,282062754380394
"4488";0,393547177314758;0,375464431074511
"4489";0,290755152702332;0,313815200762059
"4490";0,265007525682449;0,355670698265162
"4491";0,204895302653313;0,170723007327805
"4492";0,982729375362396;1
"4493";0,66417008638382;0,64948391965394
"4494";0,655560910701752;0,611339747052589
"4495";0,246344298124313;0,222269186518818
"4496";0,547667980194092;0,661236448509491
"4497";0,427895545959473;0,513402006589664
"4498";0,273733615875244;0,199382682958008
"4499";0,261617928743362;0,287011187582732
"4500";0,183415502309799;0,179176580715131
"4501";0,390326499938965;0,313609016045295
"4502";0,284356147050858;0,361650055051319
"4503";0,379616886377335;0,330309978103183
"4504";0,416746705770493;0,57525742161888
"4505";0,811892449855804;0,968245491771168
"4506";0,457536697387695;0,471340324369796
"4507";0,243848726153374;0,278763798912169
"4508";0,124173536896706;0,0888676747724752
"4509";0,278586834669113;0,298557531721519
"4510";0,65351676940918;0,767627762359743
"4511";0,308722913265228;0,267011270056618
"4512";0,374718517065048;0,287011187582732
"4513";0,296789675951004;0,297526608137698
"4514";0,12976635992527;0,1816507973163
"4515";0,528937935829163;0,444536311190469
"4516";0,367952346801758;0,380825233710376
"4517";0,702333211898804;0,723298048255471
"4518";0,997423708438873;1
"4519";0,218371510505676;0,149485981501107
"4520";0,265437960624695;0,416289004993794
"4521";0,396743595600128;0,35814491486633
"4522";0,336728930473328;0,272578257409248
"4523";0,159061148762703;0,159589032622546
"4524";0,114369004964828;0,11402221021769
"4525";0,634980738162994;0,561443045595688
"4526";0,248142808675766;0,253815448183719
"4527";0,765330910682678;0,878142770545276
"4528";0,434415131807327;0,428453903282873
"4529";0,141104951500893;0,177733287697783
"4530";0,170993864536285;0,143712809431714
"4531";0,490974694490433;0,418763221594962
"4532";0,591667175292969;0,663710665110659
"4533";0,306744009256363;0,299588455305339
"4534";0,188236311078072;0,198557944090952
"4535";0,319980710744858;0,314433754912351
"4536";0,815944612026215;0,705566162613762
"4537";0,106136247515678;0,0754656681828116
"4538";0,425490289926529;0,615257256671107
"4539";0,307535499334335;0,425361132531412
"4540";0,212791413068771;0,168867344876928
"4541";0,474295645952225;0,456701209479549
"4542";0,320209622383118;0,402680813687366
"4543";0,532290935516357;0,418969406311727
"4544";0,180625140666962;0,141444777547309
"4545";0,266072809696198;0,188248708252749
"4546";0,418997645378113;0,433814705918738
"4547";0,108200043439865;0,0859810887377784
"4548";0,410198032855988;0,39319631671622
"4549";0,252461522817612;0,475876388138606
"4550";0,756126224994659;0,664535403977716
"4551";0,211154833436012;0,181856982033064
"4552";0,41565528512001;0,553195656925126
"4553";0,488372385501862;0,395670533317388
"4554";0,561508297920227;0,699792990544369
"4555";0,221741482615471;0,275671028160709
"4556";0,820235729217529;0,755669048787428
"4557";0,497468739748001;0,447010527791638
"4558";0,339608460664749;0,278969983628933
"4559";0,211184948682785;0,11608405738533
"4560";0,18069352209568;0,180207504298951
"4561";0,0715551748871803;0,0764965917666319
"4562";0,45738959312439;0,311134799444126
"4563";0,996660172939301;1
"4564";0,107045315206051;0,107218114564476
"4565";0,292667150497437;0,257320588368708
"4566";0,21825498342514;0,226805250287628
"4567";0,203363701701164;0,148455057917287
"4568";0,427556365728378;0,488866025294741
"4569";0,297350257635117;0,255464925917831
"4570";0,209817469120026;0,22185681708529
"4571";0,575805842876434;0,342268691675498
"4572";0,453647792339325;0,413402418959097
"4573";0,245567828416824;0,215671275582369
"4574";0,458795517683029;0,323918251883497
"4575";0,311503976583481;0,309485321710014
"4576";0,275254309177399;0,28185656966363
"4577";0,18807977437973;0,175465255813378
"4578";0,100122198462486;0,0903109677898235
"4579";0,434232383966446;0,388041698797118
"4580";0,229662999510765;0,224331033686459
"4581";0,474428325891495;0,579999670104453
"4582";0,21610264480114;0,203300192576525
"4583";0,861951768398285;0,552577102774834
"4584";0,0931115821003914;0,144125178865242
"4585";0,359872251749039;0,404742660855007
"4586";0,118706077337265;0,201032160692121
"4587";0,950971603393555;1
"4588";0,405858010053635;0,294433837386238
"4589";0,260020285844803;0,201032160692121
"4590";0,453824132680893;0,428453903282873
"4591";0,356293112039566;0,108249038148296
"4592";0,508445262908936;0,512989637156135
"4593";0,352639347314835;0,318351264530868
"4594";0,466631025075912;0,567216217665082
"4595";0,546191453933716;0,4684537383351
"4596";0,504917800426483;0,386186036346242
"4597";0,185189053416252;0,170723007327805
"4598";0,202714800834656;0,304124519074148
"4599";0,15513476729393;0,0701048655469462
"4600";0,342073321342468;0,242269104044932
"4601";0,128105282783508;0,0975274328765655
"4602";0,391122698783875;0,599999587630566
"4603";0,316253572702408;0,444948680623997
"4604";0,36308079957962;0,329897608669655
"4605";0,24638058245182;0,270928779675135
"4606";0,280500769615173;0,225361957270279
"4607";0,525956392288208;0,576700714636228
"4608";0,383906066417694;0,484536146242696
"4609";0,364923626184464;0,434227075352267
"4610";0,113630205392838;0,133609758310275
"4611";0,28637570142746;0,270928779675135
"4612";0,365886509418488;1
"4613";0,354654580354691;0,235671193108482
"4614";0,205423265695572;0,248867014981382
"4615";0,102520063519478;0,105156267396835
"4616";0,223273754119873;0,413608603675861
"4617";0,138128906488419;0,119176828136791
"4618";0,297226458787918;0,360619131467499
"4619";0,620408058166504;0,461031088531594
"4620";0,262728661298752;0,191135294287446
"4621";0,240153983235359;0,257526773085472
"4622";0,228071957826614;0,349278972045476
"4623";0,237335041165352;0,189073447119806
"4624";0,40252423286438;0,529690599214024
"4625";0,578574478626251;0,559793567861576
"4626";0,259027600288391;0,214021797848256
"4627";0,204758062958717;0,175259071096614
"4628";0,43603789806366;0,43793840025402
"4629";0,192652434110641;0,116496426818858
"4630";0,181545242667198;0,221238262934998
"4631";0,625586271286011;0,616906734405219
"4632";0,556648254394531;0,355670698265162
"4633";0,174706339836121;0,161650879790186
"4634";0,279647678136826;0,248248460831089
"4635";0,385705530643463;0,302062671906508
"4636";0,51749324798584;0,477732050589482
"4637";0,326146185398102;0,308248213409429
"4638";0,194501429796219;0,188661077686278
"4639";0,468190789222717;0,642679824000726
"4640";0,355530440807343;0,543917344670744
"4641";0,20489414036274;0,24927938441491
"4642";0,812764465808868;0,74865876841745
"4643";0,162010252475739;0,135465420761152
"4644";0,0953770279884338;0,0463936231190799
"4645";0,28693899512291;0,329897608669655
"4646";0,481464415788651;0,461237273248358
"4647";0,150406703352928;0,099589280044206
"4648";0,106247752904892;0,15113545923522
"4649";0,204058527946472;0,166599312992524
"4650";0,454055339097977;0,358969653733387
"4651";0,183924987912178;0,295258576253294
"4652";0,228000685572624;0,208454810495627
"4653";0,301463067531586;0,255258741201067
"4654";0,223024860024452;0,17402196279603
"4655";0,264285743236542;0,217526938033245
"4656";0,612801134586334;0,675257009249446
"4657";0,376817256212234;0,331959455837296
"4658";0,380427449941635;0,320413111698508
"4659";0,0956744849681854;0,0758780376163397
"4660";0,295472949743271;0,310516245293834
"4661";0,577791512012482;0,782266877249991
"4662";0,30823478102684;0,309691506426778
"4663";0,481901675462723;0,503917509618517
"4664";0,331230521202087;0,379794310126556
"4665";0,173320457339287;0,150310720368163
"4666";0,0871432051062584;0,0738161904486992
"4667";0,180284887552261;0,15113545923522
"4668";0,267192989587784;0,252165970449606
"4669";0,288353085517883;0,447010527791638
"4670";0,156366214156151;0,144331363582006
"4671";0,38737365603447;0,352784112230465
"4672";0,609964787960052;0,72020527750401
"4673";0,264079958200455;0,341443952808442
"4674";0,704835534095764;0,696494035076144
"4675";0,747404277324677;1
"4676";0,243541315197945;0,135259236044387
"4677";0,156714871525764;0,110310885315937
"4678";0,620112597942352;0,560412122011868
"4679";0,448612958192825;0,432989967051682
"4680";0,502885580062866;0,401649890103546
"4681";0,6524778008461;0,550309070890429
"4682";0,253034383058548;0,224331033686459
"4683";0,507431447505951;0,497113413965303
"4684";0,501679182052612;0,367217042403949
"4685";0,458559542894363;0,462268196832178
"4686";0,875886857509613;0,812369845897543
"4687";0,453074902296066;0,458763056647189
"4688";0,18810772895813;0,155877707720793
"4689";0,23419114947319;0,53608232543371
"4690";0,544280707836151;0,480412451907415
"4691";0,305336445569992;0,332578009987588
"4692";0,318395227193832;0,259176250819584
"4693";0,260902404785156;0,195258988622727
"4694";0,389143943786621;0,421031253479367
"4695";0,475432515144348;0,5447420835378
"4696";0,460915476083755;0,5
"4697";0,348555594682693;0,315258493779407
"4698";0,522964179515839;0,46391767456629
"4699";0,127714082598686;0,158351924321962
"4700";0,519201695919037;0,474639279838021
"4701";0,355863332748413;0,335670780739048
"4702";0,548022866249084;0,526804013179327
"4703";0,308605909347534;0,393814870866512
"4704";0,349513858556747;0,354433589964577
"4705";0,385600686073303;0,382680896161253
"4706";0,407566070556641;0,361237685617791
"4707";0,117883957922459;0,157114816021377
"4708";0,257842630147934;0,238145409709651
"4709";0,642011225223541;0,548247223722789
"4710";0,456688165664673;0,374021138057163
"4711";0,411961823701859;0,690720863006751
"4712";0,517117142677307;0,896905579770805
"4713";0,529429614543915;0,551133809757485
"4714";0,415938466787338;0,355876882981926
"4715";0,271017253398895;0,298969901155047
"4716";0,251631081104279;0,398557119352085
"4717";0,160338953137398;0,150516905084927
"4718";0,175224930047989;0,142681885847893
"4719";0,279654502868652;0,283506047397743
"4720";0,310196459293365;0,172166300345153
"4721";0,809609532356262;0,693401264324683
"4722";0,847479581832886;0,914018911262222
"4723";0,14911362528801;0,054228642356114
"4724";0,241577625274658;0,178351841848075
"4725";0,642355918884277;0,616081995538163
"4726";0,342569798231125;0,31031006057707
"4727";0,119634851813316;0,0909295219401157
"4728";0,420440852642059;0,340413029224622
"4729";0,180965885519981;0,355670698265162
"4730";0,10755380988121;0,0940222926915765
"4731";0,978885889053345;1
"4732";0,29539155960083;0,308042028692665
"4733";0,176855757832527;0,127218032090589
"4734";0,192308828234673;0,108249038148296
"4735";0,488262057304382;0,505773172069394
"4736";0,297890514135361;0,244949505362864
"4737";0,457418143749237;0,366804672970421
"4738";0,350807666778564;0,328041946218778
"4739";0,29703414440155;0,301237933039451
"4740";0,124057941138744;0,121032490587668
"4741";0,231974482536316;0,164743650541647
"4742";0,288411796092987;0,306804920392081
"4743";0,973383128643036;1
"4744";0,201252847909927;0,21216613539738
"4745";0,268523305654526;0,241031995744347
"4746";0,389585644006729;0,451134222126919
"4747";0,485787987709045;0,490721687745618
"4748";0,0863552987575531;0,0709296044140024
"4749";0,239356473088264;0,201032160692121
"4750";0,480866730213165;0,529072045063732
"4751";0,284502118825912;0,333608933571408
"4752";0,363574832677841;0,368041781271005
"4753";0,222600042819977;0,28742355701626
"4754";0,475745797157288;0,377320093525388
"4755";0,306012779474258;0,360000577317207
"4756";0,281185507774353;0,292578174935361
"4757";0,130541250109673;0,221444447651762
"4758";0,257248044013977;0,277320505894821
"4759";0,202614396810532;0,201032160692121
"4760";0,218977645039558;0,203918746726818
"4761";0,565762877464294;0,565154370497441
"4762";0,253093957901001;0,208454810495627
"4763";0,558204114437103;0,488247471144449
"4764";0,199283808469772;0,136702529061736
"4765";0,594551682472229;0,563298708046565
"4766";0,17255038022995;0,16639312827576
"4767";0,132606074213982;0,136702529061736
"4768";0,223754405975342;0,238763963859943
"4769";0,557614147663116;0,533401924115777
"4770";0,318541347980499;0,279176168345698
"4771";0,284293293952942;0,271547333825428
"4772";0,225049495697021;0,229279466888796
"4773";0,224680379033089;0,105774821547128
"4774";0,156213790178299;0,143094255281422
"4775";0,297257632017136;0,228660912738504
"4776";0,245883613824844;0,195671358056255
"4777";0,464149355888367;0,454433177595144
"4778";0,241337269544601;0,273609180993068
"4779";0,320139795541763;0,344330538843139
"4780";0,238796174526215;0,166186943558996
"4781";0,392863750457764;0,663504480393895
"4782";0,279322624206543;0,274021550426596
"4783";0,169347047805786;0,167836421293108
"4784";0,360830008983612;0,286186448715675
"4785";0,503742516040802;0,466598075884223
"4786";0,28966036438942;0,38659840577977
"4787";0,491480231285095;0,499175261132944
"4788";0,275836586952209;0,370103628438646
"4789";0,370265513658524;0,34288724582579
"4790";0,093263253569603;0,104537713246543
"4791";0,181100994348526;0,158145739605198
"4792";0,546090841293335;0,446804343074874
"4793";0,62685889005661;0,563504892763329
"4794";0,400640457868576;0,381443787860669
"4795";0,346680164337158;0,484536146242696
"4796";0,654705166816711;0,602886173665263
"4797";0,834921300411224;1
"4798";0,185042545199394;0,275258658727181
"4799";0,494660824537277;0,540206019768991
"4800";0,256528586149216;0,338557366773745
"4801";0,285426706075668;0,390515915398287
"4802";0,343358606100082;0,474226910404493
"4803";0,310441583395004;0,381443787860669
"4804";0,458428025245667;0,505154617919101
"4805";0,121808931231499;0,0950532162753968
"4806";0,641762018203735;0,72783411202428
"4807";0,250037908554077;0,259382435536348
"4808";0,428053706884384;0,36268097863514
"4809";0,412291884422302;0,442474464022829
"4810";0,532432019710541;0,870926305458534
"4811";0,580418944358826;0,508865942820854
"4812";0,583495557308197;0,690720863006751
"4813";0,358930736780167;0,318557449247632
"4814";0,46201291680336;0,519587548092585
"4815";0,115595139563084;0,11299128663387
"4816";0,519432544708252;0,510103051121439
"4817";0,252462863922119;0,248454645547853
"4818";0,365371644496918;0,284949340415091
"4819";0,274945735931396;0,235877377825246
"4820";0,265784800052643;0,225361957270279
"4821";0,149046912789345;0,162475618657243
"4822";0,45064303278923;0,464330043999819
"4823";0,279761135578156;0,19793938994066
"4824";0,448168218135834;0,351753188646645
"4825";0,233300879597664;0,224537218403223
"4826";0,492534935474396;0,537525618451058
"4827";0,261218726634979;0,304124519074148
"4828";0,106592833995819;0,112166547766813
"4829";0,802118062973022;0,756906157088012
"4830";0,429981142282486;0,361031500901027
"4831";0,56315541267395;0,633401511746343
"4832";0,872787892818451;0,745565997665989
"4833";0,494095385074615;0,652782875122164
"4834";0,101398676633835;0,138558191512612
"4835";0,449938863515854;0,441237355722244
"4836";0,586006045341492;0,46082490381483
"4837";0,388342648744583;0,32659865320143
"4838";0,898137748241425;0,691545601873807
"4839";0,435833394527435;0,487628916994157
"4840";0,309022694826126;0,279176168345698
"4841";0,227548196911812;0,193815695605379
"4842";0,38023629784584;0,333402748854644
"4843";0,568448543548584;0,556494612393351
"4844";0,252236604690552;0,290103958334192
"4845";0,261453926563263;0,214434167281784
"4846";0,698936879634857;0,641236530983377
"4847";0,520707547664642;0,478350604739774
"4848";0,0905158519744873;0,147424134333467
"4849";0,472584962844849;0,467628999468043
"4850";0,7618408203125;0,662061187376547
"4851";0,639090895652771;0,780411214799114
"4852";0,564155101776123;0,465773337017167
"4853";0,0928800851106644;0,0804141013851489
"4854";0,151781663298607;0,145980841316118
"4855";0,352623909711838;0,372165475606286
"4856";0,371579229831696;0,336907889039633
"4857";0,247974619269371;0,198557944090952
"4858";0,624809145927429;0,64391693230131
"4859";0,799416184425354;0,727009373157224
"4860";0,410769879817963;0,136290159628208
"4861";0,13855391740799;0,110929439466229
"4862";0,308316618204117;0,342062506958734
"4863";0,724764585494995;0,723710417688999
"4864";0,31239640712738;0,4237116547973
"4865";0,24363286793232;0,300413194172395
"4866";0,242194429039955;0,108249038148296
"4867";0,878016233444214;0,84020478266069
"4868";0,985601842403412;1
"4869";0,324665486812592;0,301444117756215
"4870";0,357596755027771;0,365361379953072
"4871";0,485752493143082;0,348041863744892
"4872";0,465790510177612;0,480412451907415
"4873";0,106310807168484;0,111135624182993
"4874";0,104147106409073;0,0973212481598014
"4875";0,199387669563293;0,198557944090952
"4876";0,768056273460388;0,789895711770261
"4877";0,44067046046257;0,363505717502196
"4878";0,0991766899824142;0,151341643951984
"4879";0,203346326947212;0,142681885847893
"4880";0,566867768764496;0,601030511214387
"4881";0,443999797105789;0,454845547028672
"4882";0,930944263935089;1
"4883";0,252855151891708;0,315877047929699
"4884";0,230043768882751;0,222063001802054
"4885";0,57473760843277;0,522267949410518
"4886";0,298968732357025;0,321237850565565
"4887";0,152040973305702;0,0907233372233517
"4888";0,429539799690247;0,442886833456357
"4889";0,273369461297989;0,275671028160709
"4890";0,929407775402069;1
"4891";0,283795356750488;0,336083150172577
"4892";0,771583259105682;0,845359400579791
"4893";0,233848661184311;0,256289664784887
"4894";0,318440556526184;0,267629824206911
"4895";0,805052399635315;0,520618471676405
"4896";0,13132943212986;0,102475866078903
"4897";0,282205551862717;0,25031030799873
"4898";0,729537606239319;0,759380373689181
"4899";0,486099362373352;0,519587548092585
"4900";0,227380782365799;0,270104040808079
"4901";0,462289094924927;0,53608232543371
"4902";0,851899266242981;0,740205195030124
"4903";0,543389558792114;0,42577350196494
"4904";0,414768397808075;0,289691588900664
"4905";0,257823020219803;0,237939224992887
"4906";0,271144360303879;0,362062424484847
"4907";0,137260973453522;0,134846866610859
"4908";0,592257499694824;0,690720863006751
"4909";0,164065837860107;0,230722759906145
"4910";0,426687002182007;0,587628504624723
"4911";0,116431012749672;0,151754013385512
"4912";0,636477410793304;0,53917509618517
"4913";0,434661656618118;0,495463936231191
"4914";0,186587914824486;0,214021797848256
"4915";0,239601284265518;0,231135129339673
"4916";0,277078539133072;0,284124601548035
"4917";0,0867727175354958;0,07690896120016
"4918";0,188496857881546;0,159589032622546
"4919";0,33603236079216;0,328041946218778
"4920";0,374621868133545;0,252578339883134
"4921";0,874466717243195;1
"4922";0,356258988380432;0,690720863006751
"4923";0,588532686233521;0,573607943884767
"4924";0,384291976690292;0,458763056647189
"4925";0,262637883424759;0,208454810495627
"4926";0,168764546513557;0,117527350402679
"4927";0,12324258685112;0,0628884004602043
"4928";0,468427658081055;0,595463523861757
"4929";0,794183492660522;0,965565090453235
"4930";0,571686029434204;0,554845134659239
"4931";0,331876873970032;0,450103298543099
"4932";0,451419919729233;0,449278559676043
"4933";0,461407095193863;0,362474793918376
"4934";0,35303145647049;0,366804672970421
"4935";0,591184496879578;0,564535816347149
"4936";0,118399783968925;0,104331528529779
"4937";0,110106058418751;0,100414018911262
"4938";0,179210424423218;0,185568306934817
"4939";0,451630234718323;0,375052061640983
"4940";0,269373834133148;0,279176168345698
"4941";0,281037718057632;0,295258576253294
"4942";0,133277669548988;0,114434579651218
"4943";0,791897296905518;0,855668636417994
"4944";0,56752622127533;0,60474183611614
"4945";0,677472472190857;0,912987987678401
"4946";0,825728118419647;0,708246563931695
"4947";0,24090912938118;0,161444695073422
"4948";0,458583921194077;0,271959703258956
"4949";0,375204771757126;0,311547168877654
"4950";0,225698560476303;0,235877377825246
"4951";0,614067912101746;0,572370835584183
"4952";0,0930216684937477;0,100001649477734
"4953";0,245560228824615;0,209691918796211
"4954";0,253309190273285;0,287217372299496
"4955";0,636168658733368;0,541236943352811
"4956";0,335309505462646;0,501649477734112
"4957";0,345862954854965;0,321856404715857
"4958";0,359615355730057;0,292578174935361
"4959";0,176140025258064;0,380206679560084
"4960";0,397801429033279;0,413402418959097
"4961";0,381590276956558;0,339175920924037
"4962";0,436390846967697;0,516700962057888
"4963";0,692776560783386;0,695050742058796
"4964";0,191777303814888;0,171135376761333
"4965";0,347068220376968;0,458763056647189
"4966";0,169639497995377;0,150310720368163
"4967";0,972197890281677;1
"4968";0,538276851177216;0,543298790520451
"4969";0,755305051803589;0,640411792116321
"4970";0,378075122833252;0,344124354126375
"4971";0,125913470983505;0,15216638281904
"4972";0,248534098267555;0,238763963859943
"4973";0,246984466910362;0,37793864767568
"4974";0,691449224948883;0,718761984486662
"4975";0,677590489387512;0,590308905942656
"4976";0,983743846416473;0,860617069620331
"4977";0,371392846107483;0,214640351998548
"4978";0,394757032394409;0,538350357318114
"4979";0,536664962768555;0,652164320971872
"4980";0,179209649562836;0,209898103512975
"4981";0,398142784833908;0,436907476670199
"4982";0,944589197635651;1
"4983";0,274067908525467;0,194846619189199
"4984";0,360224485397339;0,351134634496353
"4985";0,231694266200066;0,16948589902722
"4986";0,393000930547714;0,355670698265162
"4987";0,396174132823944;0,311959538311182
"4988";0,402466535568237;0,434639444785795
"4989";0,340764701366425;0,381443787860669
"4990";0,450900375843048;0,546185376555148
"4991";0,164794877171516;0,151341643951984
"4992";0,335839182138443;1
"4993";0,203841298818588;0,168248790726636
"4994";0,663750290870667;0,885565420348782
"4995";0,32746085524559;0,269691671374551
"4996";0,739351153373718;0,767215392926215
"4997";0,14776299893856;0,110104700599173
"4998";0,251427382230759;0,185980676368345
"4999";0,343507409095764;0,432989967051682
"5000";0,225809589028358;0,22845472802174
"5001";0,247938603162766;0,272578257409248
"5002";0,248847439885139;0,249691753848438
"5003";0,396154373884201;0,61340159422023
"5004";0,263663291931152;0,197320835790368
"5005";0,46758234500885;0,408247801039996
"5006";0,402212798595428;0,481649560207999
"5007";0,256292581558228;0,203918746726818
"5008";0,158900037407875;0,308248213409429
"5009";0,559330940246582;0,533401924115777
"5010";0,867971777915955;1
"5011";0,27880123257637;0,256289664784887
"5012";0,246269926428795;0,228660912738504
"5013";0,351797193288803;0,208454810495627
"5014";0,3395956158638;0,427010610265525
"5015";0,413983970880508;1
"5016";0,529733300209045;0,602679988948499
"5017";0,130562245845795;0,0837130568533738
"5018";0,160018160939217;0,220207339351178
"5019";0,175155326724052;0,147217949616703
"5020";0,31694158911705;0,361443870334555
"5021";0,394800871610641;0,0773213306336881
"5022";0,355678617954254;0,321856404715857
"5023";0,612000584602356;0,653813798705985
"5024";0,175765991210938;0,218145492183537
"5025";0,298428684473038;0,37237166032305
"5026";0,312986195087433;0,194846619189199
"5027";0,119240574538708;0,137114898495264
"5028";0,553160548210144;0,52391742714463
"5029";0,211133301258087;0,26659890062309
"5030";0,445225983858109;0,367835596554241
"5031";0,184626847505569;0,201032160692121
"5032";0,113414794206619;0,124331446055893
"5033";0,396095216274261;0,352577927513701
"5034";0,307594209909439;0,359175838450151
"5035";0,158386155962944;0,146805580183174
"5036";0,24806435406208;0,210104288229739
"5037";0,818691909313202;0,788658603469676
"5038";0,517961144447327;0,427835349132581
"5039";0,246635571122169;0,156702446587849
"5040";0,221600219607353;0,16948589902722
"5041";0,487972557544708;0,579793485387689
"5042";0,682096540927887;0,540824573919283
"5043";0,183737397193909;0,192372402588031
"5044";0,234850987792015;0,227629989154684
"5045";0,372162759304047;0,395876718034152
"5046";0,631526529788971;0,503711324901753
"5047";0,315721660852432;0,371753106172758
"5048";0,69300389289856;0,671545684347693
"5049";0,312253355979919;0,422268361779951
"5050";0,374243259429932;0,291341066634777
"5051";0,368740171194077;0,362474793918376
"5052";0,572903394699097;0,417938482727906
"5053";0,147981643676758;0,0975274328765655
"5054";0,0969388037919998;0,0826821332695535
"5055";0,32428440451622;0,303505964923856
"5056";0,363245338201523;0,342062506958734
"5057";0,491432905197144;0,374227322773927
"5058";0,237477824091911;0,216496014449425
"5059";0,338488191366196;0,349897526195768
"5060";0,732710599899292;0,512989637156135
"5061";0,312722951173782;0,36474282580278
"5062";0,226203620433807;0,284124601548035
"5063";0,67476886510849;0,707215640347875
"5064";0,280092537403107;0,252578339883134
"5065";0,205858066678047;0,0360843872808772
"5066";0,418005019426346;0,441855909872537
"5067";0,4814233481884;0,136702529061736
"5068";0,121286049485207;0,0989707258939138
"5069";0,694750428199768;0,719586723353718
"5070";0,531553864479065;0,544948268254564
"5071";0,257549732923508;0,201032160692121
"5072";0,315488278865814;0,201032160692121
"5073";0,166454896330833;0,140826223397017
"5074";0,517805337905884;0,584123364439734
"5075";0,324233531951904;0,350103710912532
"5076";0,647757947444916;0,728658850891337
"5077";0,607949197292328;0,765153545758574
"5078";0,210819214582443;0,185155937501289
"5079";0,63250458240509;0,651751951538344
"5080";0,337793231010437;0,35814491486633
"5081";0,357624918222427;0,360412946750735
"5082";0,181322798132896;0,1816507973163
"5083";0,27628618478775;0,29608331512035
"5084";0,242826327681541;0,222475371235583
"5085";0,521190226078033;0,493195904346786
"5086";0,9585822224617;1
"5087";0,274000465869904;0,372784029756578
"5088";0,530551135540009;0,651133397388052
"5089";0,579803705215454;0,568865695399194
"5090";0,177992478013039;0,212990874264436
"5091";0,591088712215424;0,693813633758211
"5092";0,157474711537361;0,118145904552971
"5093";0,103196144104004;0,109279961732117
"5094";0,547088265419006;0,368660335421297
"5095";0,59668755531311;0,565360555214205
"5096";0,396825075149536;0,331340901687003
"5097";0,120299771428108;0,0577337825411029
"5098";0,488435059785843;0,428247718566109
"5099";0,339884012937546;0,330516162819947
"5100";0,431967109441757;0,426804425548761
"5101";0,155407279729843;0,154434414703445
"5102";0,445697158575058;0,604948020832904
"5103";0,207520619034767;0,164743650541647
"5104";0,349651128053665;0,361650055051319
"5105";0,271206349134445;0,337114073756397
"5106";0,803386926651001;0,627422154960186
"5107";0,355787009000778;0,270310225524843
"5108";0,359959453344345;0,371753106172758
"5109";0,311800509691238;0,335052226588756
"5110";0,341474711894989;0,269897856091315
"5111";0,318710505962372;0,255877295351359
"5112";0,406994670629501;0,565566739930969
"5113";0,368677020072937;0,47051558550274
"5114";0,155292153358459;0,158970478472254
"5115";0,46965304017067;0,45319606929456
"5116";0,297058343887329;0,269279301941023
"5117";0,297663599252701;0,192372402588031
"5118";0,216486096382141;0,160001402056074
"5119";0,77485316991806;0,884328312048198
"5120";0,168551549315453;0,158351924321962
"5121";0,514398038387299;0,407216877456175
"5122";0,344745725393295;0,249691753848438
"5123";0,27003276348114;0,26453705345545
"5124";0,169372603297234;0,172166300345153
"5125";0,100198566913605;0,124950000206185
"5126";0,496130794286728;0,5
"5127";0,291674822568893;0,304536888507676
"5128";0,179165408015251;0,0971150634430373
"5129";0,504775285720825;0,458763056647189
"5130";0,806035876274109;0,834431610591297
"5131";0,0923953726887703;0,0826821332695535
"5132";0,251001805067062;0,287011187582732
"5133";0,342102915048599;0,34288724582579
"5134";0,609941720962524;0,756906157088012
"5135";0,373900592327118;0,506804095653214
"5136";0,107192546129227;0,122269598888252
"5137";0,869204461574554;0,849895464348601
"5138";0,329010337591171;0,391546838982107
"5139";0,447814345359802;0,420206514612311
"5140";0,543910682201385;0,613813963653758
"5141";0,527607500553131;0,252578339883134
"5142";0,285857826471329;0,318557449247632
"5143";0,247451156377792;0,412577680092041
"5144";0,241981118917465;0,108249038148296
"5145";0,894548714160919;1
"5146";0,886307835578918;0,850101649065365
"5147";0,306714296340942;0,364330456369252
"5148";0,101675257086754;0,135671605477916
"5149";0,282503336668015;0,256083480068123
"5150";0,524321675300598;0,46288675098247
"5151";0,190242558717728;0,15216638281904
"5152";0,506855309009552;0,56103067616216
"5153";0,224412873387337;0,362062424484847
"5154";0,547015249729156;0,513814376023192
"5155";0,489373505115509;0,416701374427322
"5156";0,206982403993607;0,173609593362502
"5157";0,227500006556511;0,172372485061917
"5158";0,301932066679001;0,228042358588212
"5159";0,68349152803421;0,562267784462745
"5160";0,496952563524246;0,525773089595507
"5161";0,23821134865284;0,242887658195224
"5162";0,116369120776653;0,110310885315937
"5163";0,499418020248413;0,416701374427322
"5164";0,27890881896019;0,201032160692121
"5165";0,458239674568176;0,514432930173484
"5166";0,889871776103973;1
"5167";0,912349581718445;0,816905909666352
"5168";0,475396126508713;0,620824244023736
"5169";0,135271117091179;0,13793963736232
"5170";0,783193469047546;0,72680318844046
"5171";0,478266686201096;0,488659840577977
"5172";0,305615872144699;0,306598735675317
"5173";0,398918122053146;0,405567399722063
"5174";0,465247392654419;0,466804260600987
"5175";0,301506519317627;0,345773831860487
"5176";0,453550547361374;0,425979686681704
"5177";0,648082673549652;0,432989967051682
"5178";0,888723731040955;1
"5179";0,306117296218872;0,25237215516637
"5180";0,337040394544601;0,511546344138787
"5181";0,351284235715866;0,318145079814104
"5182";0,312857240438461;0,239176333293471
"5183";0,179083853960037;0,164743650541647
"5184";0,117474660277367;0,101857311928611
"5185";0,152890056371689;0,194640434472435
"5186";0,0936876758933067;0,101651127211847
"5187";0,895902156829834;1
"5188";0,230813920497894;0,3342274877217
"5189";0,35029199719429;0,364949010519544
"5190";0,725745618343353;0,999997938152832
"5191";0,230687215924263;0,261238097987225
"5192";0,635950028896332;0,698143512810256
"5193";0,148245841264725;0,124331446055893
"5194";0,459044516086578;0,448453820808986
"5195";0,780946552753448;0,637731390798388
"5196";0,388670951128006;0,205774409177694
"5197";0,722978413105011;0,713401181850796
"5198";0,351296603679657;0,369897443721882
"5199";0,773660957813263;0,641030346266613
"5200";0,365944892168045;0,309279136993249
"5201";0,257742196321487;0,239794887443763
"5202";0,868828058242798;0,86102943905386
"5203";0,257399052381516;0,11299128663387
"5204";0,539438724517822;0,491958796046202
"5205";0,166634604334831;0,169898268460749
"5206";0,188233256340027;0,177114733547491
"5207";0,713077664375305;0,52845349091344
"5208";0,294818431138992;0,297732792854462
"5209";0,46413654088974;0,334639857155228
"5210";0,238140136003494;0,185774491651581
"5211";0,110847093164921;0,125568554356477
"5212";0,321298807859421;0,370928367305702
"5213";0,18258111178875;0,0802079166683849
"5214";0,383656173944473;0,479175343606831
"5215";0,435755908489227;0,438144584970784
"5216";0,437692284584045;0,457319763629841
"5217";0,316049039363861;0,1237128919056
"5218";0,494105517864227;0,418350852161434
"5219";0,148235961794853;0,151754013385512
"5220";0,0978891253471375;0,175259071096614
"5221";0,466154426336288;0,399175673502377
"5222";0,610181391239166;0,631545849295467
"5223";0,346753299236298;0,321237850565565
"5224";0,433870077133179;0,421649807629659
"5225";0,656962871551514;0,350103710912532
"5226";0,35263729095459;0,338351182056981
"5227";0,200532838702202;0,236495931975538
"5228";0,402950316667557;0,476288757572134
"5229";0,262564659118652;0,22742380443792
"5230";0,350967764854431;0,343299615259319
"5231";0,244853228330612;0,2263928808541
"5232";0,0962033718824387;0,0927851843909922
"5233";0,263051718473434;0,311547168877654
"5234";0,982837855815887;1
"5235";0,421883016824722;0,312784277178238
"5236";0,853219091892242;0,68865901583911
"5237";0,37238997220993;0,414227157826153
"5238";0,452610462903976;0,52948441449726
"5239";0,23700712621212;0,206186778611222
"5240";0,311914503574371;0,351959373363409
"5241";0,173028081655502;0,149485981501107
"5242";0,558866918087006;0,53608232543371
"5243";0,761567413806915;0,723916602405763
"5244";0,425557792186737;0,421443622912895
"5245";0,626492023468018;0,625978861942837
"5246";0,239992961287498;0,108249038148296
"5247";0,128071695566177;0,153403491119624
"5248";0,562595427036285;0,446804343074874
"5249";0,242886736989021;0,252578339883134
"5250";0,273455858230591;0,231135129339673
"5251";0,741344392299652;0,432989967051682
"5252";0,505157768726349;0,528041121479911
"5253";0,2481749355793;0,183094090333648
"5254";0,176129788160324;0,131754095859399
"5255";0,190123155713081;0,147011764899939
"5256";0,243527963757515;0,305567812091497
"5257";0,235130086541176;0,237320670842594
"5258";0,197057500481606;1
"5259";0,140793919563293;0,171753930911625
"5260";0,115474879741669;0,121444860021196
"5261";0,497851252555847;0,654638537573041
"5262";0,557241320610046;0,540824573919283
"5263";0,415350586175919;0,464948598150111
"5264";0,334709525108337;0,327217207351722
"5265";0,295278042554855;0,402062259537074
"5266";0,450984805822372;0,389897361247995
"5267";0,500343561172485;0,578144007653577
"5268";0,332344472408295;0,301237933039451
"5269";0,552463293075562;0,396701456901209
"5270";0,310706824064255;0,238351594426415
"5271";0,220227465033531;0,214021797848256
"5272";0,682711362838745;0,570515173133307
"5273";0,31445848941803;0,219382600484122
"5274";0,782445967197418;0,896905579770805
"5275";0,347776412963867;0,405773584438827
"5276";0,321885228157043;0,24165054989464
"5277";0,250559747219086;0,245774244229921
"5278";0,455810844898224;0,312784277178238
"5279";0,557389259338379;0,909895216926941
"5280";0,34649258852005;0,326392468484666
"5281";0,266186326742172;0,278351429478641
"5282";0,205882236361504;0,165568389408703
"5283";0,534351706504822;0,75628760293772
"5284";0,140268087387085;0,0948470315586327
"5285";0,247253909707069;0,262475206287809
"5286";0,236611396074295;0,261856652137517
"5287";0,291273027658463;0,219588785200886
"5288";0,423143148422241;0,375052061640983
"5289";0,779165029525757;0,726597003723696
"5290";0,151727348566055;0,150104535651399
"5291";0,109025798738003;0,0760842223331038
"5292";0,740576267242432;0,68309202848648
"5293";0,208219408988953;0,234434084807898
"5294";0,108636677265167;0,0940222926915765
"5295";0,364696353673935;0,35711399128251
"5296";0,592250466346741;0,604329466682612
"5297";0,880161702632904;0,94700846594447
"5298";0,457845002412796;0,365979934103365
"5299";0,332659959793091;0,34845423317842
"5300";0,454039603471756;0,514639114890248
"5301";0,285193234682083;0,282887493247451
"5302";0,216776505112648;0,174846701663086
"5303";0,202009856700897;0,200619791258593
"5304";0,183869302272797;0,338557366773745
"5305";0,96832537651062;1
"5306";0,324309051036835;0,317114156230284
"5307";0,450005650520325;0,379175755976264
"5308";0,301034569740295;0,315670863212935
"5309";0,385875135660172;0,376082985224803
"5310";0,216164112091064;0,147011764899939
"5311";0,331630647182465;0,322887328299677
"5312";0,316812068223953;0,303505964923856
"5313";0,069941870868206;0,0630945851769683
"5314";0,4227235019207;0,435876553086379
"5315";0,527958631515503;0,589690351792364
"5316";0,738084018230438;0,841648075678038
"5317";0,41636449098587;0,434639444785795
"5318";0,451179623603821;0,492783534913258
"5319";0,500657439231873;0,510309235838203
"5320";0,676570117473602;0,933400274638043
"5321";0,33242329955101;0,297320423420934
"5322";0,397731095552444;0,505773172069394
"5323";0,28682005405426;0,247217537247269
"5324";0,285994827747345;0,295877130403586
"5325";0,339235752820969;0,277939060045113
"5326";0,926618993282318;1
"5327";0,265230774879456;0,163094172807535
"5328";0,13693305850029;0,112578917200341
"5329";0,387337774038315;0,505360802635865
"5330";0,240292370319366;0,281238015513338
"5331";0,519694030284882;0,465773337017167
"5332";0,406490474939346;0,277526690611585
"5333";0,280766665935516;0,224331033686459
"5334";0,642241239547729;0,61340159422023
"5335";0,423720002174377;0,414845711976445
"5336";0,445012360811234;0,497525783398831
"5337";0,509600400924683;0,477525865872718
"5338";0,630951225757599;0,653813798705985
"5339";0,529415130615234;0,360412946750735
"5340";0,360490590333939;0,336907889039633
"5341";0,0930324196815491;0,128042770957646
"5342";0,669292092323303;0,444742495907233
"5343";0,376537263393402;0,428660087999637
"5344";0,154672414064407;0,304124519074148
"5345";0,193491816520691;0,0849501651539581
"5346";0,521448194980621;0,479793897757123
"5347";0,393080085515976;0,428453903282873
"5348";0,0932272896170616;0,0962903245759811
"5349";0,077868327498436;0,0938161079748125
"5350";0,206625804305077;0,187630154102457
"5351";0,347755879163742;0,30371214964062
"5352";0,277170240879059;0,258557696669292
"5353";0,520042538642883;0,38556748219595
"5354";0,401213437318802;0,600618141780859
"5355";0,305594593286514;0,270516410241607
"5356";0,471581369638443;0,57422649803506
"5357";0,425160557031631;0,385773666912714
"5358";0,209939882159233;0,277320505894821
"5359";0,465398639440536;0,412990049525569
"5360";0,107997663319111;0,201032160692121
"5361";0,676764190196991;0,737524793712191
"5362";0,257361948490143;0,281650384946866
"5363";0,246863707900047;0,166805497709288
"5364";0,249633431434631;0,214021797848256
"5365";0,271478086709976;0,207217702195042
"5366";0,442427814006805;0,480412451907415
"5367";0,274774879217148;0,347629494311364
"5368";0,147184491157532;0,165980758842232
"5369";0,713922023773193;0,703710500162886
"5370";0,864493012428284;0,835050164741589
"5371";0,397524803876877;0,573607943884767
"5372";0,9100221991539;1
"5373";0,309238910675049;0,292165805501833
"5374";0,810668289661407;1
"5375";0,431825995445251;0,482680483791819
"5376";0,315427511930466;0,329897608669655
"5377";0,305715769529343;0,224124848969695
"5378";0,158031806349754;0,154434414703445
"5379";0,54963093996048;0,969688784788516
"5380";0,163514107465744;0,127011847373825
"5381";0,254088938236237;0,31031006057707
"5382";0,998406946659088;1
"5383";0,432513803243637;0,384742743328893
"5384";0,167170733213425;0,156702446587849
"5385";0,158000707626343;0,281650384946866
"5386";0,856182217597961;0,991544364765506
"5387";0,298620790243149;0,292784359652125
"5388";0,308857351541519;0,242475288761696
"5389";0,221872851252556;0,339588290357566
"5390";0,160918146371841;0,214021797848256
"5391";0,619833528995514;0,734844392394258
"5392";0,231923609972;0,225980511420571
"5393";0,431665360927582;0,529896783930788
"5394";0,514669358730316;0,566803848231554
"5395";0,263550251722336;0,260413359120169
"5396";0,242968216538429;0,166186943558996
"5397";0,250417590141296;0,329897608669655
"5398";0,286988943815231;0,294021467952709
"5399";0,440472900867462;0,423917839514064
"5400";0,423648506402969;0,470309400785976
"5401";0,35825526714325;0,34288724582579
"5402";0,230243489146233;0,226805250287628
"5403";0,320401161909103;0,349072787328712
"5404";0,646701633930206;0,609690269318477
"5405";0,516786575317383;0,499793815283236
"5406";0,485906302928925;0,42474257838112
"5407";0,654245793819427;0,839586228510398
"5408";0,468213200569153;0,734844392394258
"5409";0,432916104793549;0,386186036346242
"5410";0,577328324317932;0,668659098312997
"5411";0,262135773897171;0,292165805501833
"5412";0,338680803775787;0,380619048993612
"5413";0,151311457157135;0,165980758842232
"5414";0,371856182813644;0,406598323305883
"5415";0,448750734329224;0,490309318312089
"5416";0,20555554330349;0,164537465824883
"5417";0,309642195701599;0,338969736207273
"5418";0,309100389480591;0,37030981315541
"5419";0,265150964260101;0,280413276646282
"5420";0,380818426609039;0,458763056647189
"5421";0,792211771011353;0,707215640347875
"5422";0,134494587779045;0,150104535651399
"5423";0,341905891895294;0,379381940693028
"5424";0,395407855510712;0,441649725155773
"5425";0,544521331787109;0,564742001063913
"5426";0,125257313251495;0,119383012853555
"5427";0,82389360666275;0,49340208906355
"5428";0,577566385269165;0,548659593156317
"5429";0,487528771162033;0,508865942820854
"5430";0,267890840768814;0,19690846635684
"5431";0,457910597324371;0,411546756508221
"5432";0,26274898648262;0,195877542773019
"5433";0,96981805562973;1
"5434";0,209381341934204;0,235671193108482
"5435";0,227832362055779;0,206392963327986
"5436";0,126225754618645;0,145980841316118
"5437";0,435796111822128;0,411340571791457
"5438";0,457062393426895;0,452577515144267
"5439";0,367282807826996;0,466804260600987
"5440";0,435757786035538;0,271959703258956
"5441";0,338660091161728;0,62206135232432
"5442";0,605800330638885;0,484536146242696
"5443";0,347745060920715;0,324949175467318
"5444";0,242885872721672;0,317114156230284
"5445";0,779075562953949;0,751751539168911
"5446";0,165038242936134;0,154640599420209
"5447";0,286615192890167;0,336289334889341
"5448";0,430403918027878;0,581030593688273
"5449";0,275547862052917;0,321444035282329
"5450";0,259070247411728;0,245774244229921
"5451";0,707171082496643;0,451546591560447
"5452";0,334805846214294;0,328866685085835
"5453";0,745199263095856;0,428247718566109
"5454";0,419667571783066;0,440206432138424
"5455";0,187158152461052;0,269691671374551
"5456";0,846425235271454;0,664947773411244
"5457";0,212289825081825;0,185568306934817
"5458";0,431740611791611;0,392371577849163
"5459";0,674214780330658;1
"5460";0,209505528211594;0,269485486657787
"5461";0,230737656354904;0,201856899559177
"5462";0,542981505393982;0,454845547028672
"5463";0,406045347452164;0,287011187582732
"5464";0,28352889418602;0,139176745662904
"5465";0,624915182590485;0,628246893827242
"5466";0,16056652367115;0,355670698265162
"5467";0,336062461137772;0,27319681155954
"5468";0,244602128863335;0,246598983096977
"5469";0,104142792522907;0,137733452645556
"5470";0,601126253604889;0,624535568925489
"5471";0,113333880901337;0,0816512096857333
"5472";0,22736956179142;0,1237128919056
"5473";0,629991233348846;0,637525206081624
"5474";0,321976840496063;0,428866272716401
"5475";0,508609056472778;0,718555799769898
"5476";0,397324293851852;0,421443622912895
"5477";0,123676814138889;0,095671770425689
"5478";0,115818299353123;0,108249038148296
"5479";0,436432600021362;0,698143512810256
"5480";0,477173358201981;0,527628752046383
"5481";0,328102499246597;0,313196646611767
"5482";0,45431786775589;0,574638867468588
"5483";0,205216482281685;0,253196894033427
"5484";0,298882216215134;0,284536970981563
"5485";0,287996858358383;0,240619626310819
"5486";0,499881625175476;0,518350439792001
"5487";0,26559317111969;0,289073034750372
"5488";0,572043001651764;0,533814293549305
"5489";0,308600634336472;0,273815365709832
"5490";0,322740346193314;0,282887493247451
"5491";0,0944404676556587;0,080620286101913
"5492";0,190876647830009;0,197527020507132
"5493";0,411967605352402;0,38556748219595
"5494";0,416673570871353;0,345361462426959
"5495";0,549363911151886;0,35711399128251
"5496";0,12974289059639;0,198351759374188
"5497";0,353475600481033;0,408866355190288
"5498";0,336986899375916;0,271134964391899
"5499";0,843571782112122;0,731957806359561
"5500";0,173837900161743;0,205155855027402
"5501";0,297748744487762;0,394433425016804
"5502";0,375934988260269;0,46391767456629
"5503";0,354626208543777;0,366186118820129
"5504";0,684705495834351;0,662679741526839
"5505";0,620651841163635;0,540206019768991
"5506";0,329604625701904;0,403917921987951
"5507";0,445861399173737;0,414433342542917
"5508";0,808372795581818;1
"5509";0,27424943447113;0,211959950680616
"5510";0,802275240421295;0,656288015307153
"5511";0,258373767137527;0,273815365709832
"5512";0,303940266370773;0,340000659791094
"5513";0,443651050329208;0,597319186312634
"5514";0,251522362232208;0,211547581247088
"5515";0,360945373773575;0,406392138589119
"5516";0,332793354988098;0,247217537247269
"5517";0,344641894102097;0,332578009987588
"5518";0,321084320545197;0,281031830796574
"5519";0,356132477521896;0,51422674545672
"5520";0,237543970346451;0,251547416299314
"5521";0,390541672706604;0,369278889571589
"5522";0,165568664669991;0,178145657131311
"5523";0,420713931322098;0,320619296415273
"5524";0,948014080524445;1
"5525";0,208974003791809;0,304124519074148
"5526";0,569844961166382;0,613813963653758
"5527";0,226912513375282;0,214846536715313
"5528";0,221667349338531;0,156908631304613
"5529";0,302712559700012;0,278969983628933
"5530";0,345429390668869;0,307835843975901
"5531";0,593298077583313;0,538556542034878
"5532";0,383561581373215;0,442886833456357
"5533";0,299332052469254;0,298351347004755
"5534";0,726350665092468;0,787421495169092
"5535";0,988904297351837;1
"5536";0,125482350587845;0,0878367511886549
"5537";0,354223608970642;0,283506047397743
"5538";0,307247996330261;0,308248213409429
"5539";0,591472089290619;0,0824759485527895
"5540";0,0943049564957619;0,0857749040210143
"5541";0,497612357139587;0,485979439260044
"5542";0,259053140878677;0,249897938565202
"5543";0,96803742647171;1
"5544";0,173090249300003;0,118352089269735
"5545";0,127728000283241;0,165568389408703
"5546";0,220437571406364;0,175259071096614
"5547";0,461766391992569;0,400000412369434
"5548";0,354998111724854;0,368660335421297
"5549";0,904742121696472;1
"5550";0,562097668647766;0,508865942820854
"5551";0,21123768389225;0,191547663720974
"5552";0,102095708250999;0,099383095327442
"5553";0,263739287853241;0,230104205755853
"5554";0,112551748752594;0,234846454241426
"5555";0,40793189406395;0,455670285895728
"5556";0,372402787208557;0,444123941756941
"5557";0,260603755712509;0,344536723559903
"5558";0,974284172058105;1
"5559";0,882344901561737;0,65154576682158
"5560";0,122148595750332;0,118558273986499
"5561";0,410402476787567;0,439381693271368
"5562";0,301338464021683;0,263918499305157
"5563";0,175344318151474;0,174434332229558
"5564";0,290010839700699;0,317114156230284
"5565";0,681623220443726;0,813813138914891
"5566";0,296020090579987;0,248867014981382
"5567";0,358443409204483;0,381443787860669
"5568";0,0975820049643517;0,0748471140325195
"5569";0,423165857791901;0,368660335421297
"5570";0,237404182553291;0,26556797703927
"5571";0,656902492046356;0,547216300138968
"5572";0,824875175952911;0,729689774475157
"5573";0,989983141422272;1
"5574";0,319158047437668;0,334021303004936
"5575";0,39142319560051;0,450928037410155
"5576";0,251411885023117;0,235258823674954
"5577";0,347129911184311;0,562473969179509
"5578";0,43019163608551;0,351959373363409
"5579";0,227042362093925;0,349278972045476
"5580";0,193693190813065;0,246805167813741
"5581";0,425311982631683;0,43237141290139
"5582";0,862061321735382;0,849276910198308
"5583";0,186458259820938;0,127630401524117
"5584";0,998571634292603;1
"5585";0,365200936794281;0,201032160692121
"5586";0,501713156700134;0,493195904346786
"5587";0,937553226947784;0,887833452233187
"5588";0,997043550014496;1
"5589";0,323296338319778;0,288042111166552
"5590";0,563931286334991;0,474639279838021
"5591";0,146652102470398;0,243918581779044
"5592";0,414237916469574;0,440412616855188
"5593";0,41939839720726;0,43896932383784
"5594";0,498054623603821;0,671339499630929
"5595";0,227877929806709;0,236495931975538
"5596";0,342695146799088;0,479587713040359
"5597";0,105731904506683;0,145774656599354
"5598";0,282408446073532;0,263918499305157
"5599";0,214498937129974;0,184743568067761
"5600";0,281663239002228;0,263712314588393
"5601";0,207140222191811;0,303299780207092
"5602";0,115196391940117;0,0940222926915765
"5603";0,704757809638977;0,697112589226436
"5604";0,231242656707764;0,191547663720974
"5605";0,246941640973091;0,230928944622909
"5606";0,13513346016407;0,104125343813015
"5607";0,549604952335358;0,627422154960186
"5608";0,352002173662186;0,43134048931757
"5609";0,40551620721817;0,407216877456175
"5610";0,644925773143768;0,647628257203063
"5611";0,757755517959595;1
"5612";0,895954668521881;0,587628504624723
"5613";0,567862451076508;0,533608108832541
"5614";0,158371090888977;0,126187108506769
"5615";0,304503589868546;0,295258576253294
"5616";0,44142210483551;0,510309235838203
"5617";0,145241588354111;0,161444695073422
"5618";0,0968462228775024;0,0921666302407
"5619";0,144321352243423;0,137114898495264
"5620";0,354564756155014;0,478350604739774
"5621";0,395088821649551;0,347010940161071
"5622";0,10899805277586;0,119176828136791
"5623";0,383397996425629;0,432989967051682
"5624";0,129570379853249;0,13793963736232
"5625";0,805760085582733;0,912987987678401
"5626";0,375410348176956;0,391340654265343
"5627";0,396831810474396;0,409072539907052
"5628";0,538891136646271;0,415876635560266
"5629";0,331391125917435;0,283299862680979
"5630";0,406356453895569;0,43237141290139
"5631";0,226763308048248;0,290928697201249
"5632";0,0863626375794411;0,0404142663329223
"5633";0,372219353914261;0,317732710380576
"5634";0,262636423110962;0,30474307322444
"5635";0,425775527954102;0,308454398126193
"5636";0,236682027578354;0,15319730640286
"5637";0,537006139755249;0,391340654265343
"5638";0,441575974225998;0,375464431074511
"5639";0,310112297534943;0,236908301409066
"5640";0,655061721801758;0,862472732071208
"5641";0,311393618583679;0,360206762033971
"5642";0,178784444928169;0,285567894565383
"5643";0,369104743003845;0,309691506426778
"5644";0,137131154537201;0,136290159628208
"5645";0,156686395406723;0,208867179929155
"5646";0,51367849111557;0,654844722289805
"5647";0,248924911022186;0,213403243697964
"5648";0,146619290113449;0,0812388402522052
"5649";0,358479142189026;0,381443787860669
"5650";0,705872356891632;0,673195162081806
"5651";0,21004082262516;0,190104370703626
"5652";0,168827772140503;0,166599312992524
"5653";0,211550325155258;0,236495931975538
"5654";0,169476345181465;0,235465008391718
"5655";0,117872856557369;0,0833006874198457
"5656";0,552800178527832;0,509896866404675
"5657";0,402340531349182;0,352577927513701
"5658";0,497306257486343;0,446185788924582
"5659";0,570950567722321;0,541649312786339
"5660";0,405220031738281;0,437319846103727
"5661";0,321639329195023;0,304124519074148
"5662";0,203749537467957;0,192990956738323
"5663";0,391034126281738;0,348248048461656
"5664";0,247131988406181;0,274640104576888
"5665";0,295215636491776;0,226805250287628
"5666";0,378530532121658;0,319176003397924
"5667";0,787985324859619;0,653195244555693
"5668";0,0739465579390526;0,113816025500926
"5669";0,202136412262917;0,162681803374007
"5670";0,500887513160706;0,534226662982833
"5671";0,107096701860428;0,107836668714768
"5672";0,33282744884491;0,260825728553697
"5673";0,190902873873711;0,112372732483577
"5674";0,314568787813187;0,309279136993249
"5675";0,185484036803246;0,180001319582187
"5676";0,193541020154953;0,134846866610859
"5677";0,173261702060699;0,153403491119624
"5678";0,874156653881073;0,999997938152832
"5679";0,0808387249708176;0,080620286101913
"5680";0,471751868724823;0,497113413965303
"5681";0,126390561461449;0,0901047830730595
"5682";0,659935116767883;0,669277652463289
"5683";0,270693749189377;0,498144337549124
"5684";0,309268623590469;0,304124519074148
"5685";0,691381990909576;0,745978367099517
"5686";0,426704615354538;0,446804343074874
"5687";0,165167331695557;0,223918664252931
"5688";0,997041165828705;1
"5689";0,0889623314142227;0,0833006874198457
"5690";0,147517651319504;0,0853625345874862
"5691";0,284990131855011;0,274846289293652
"5692";0,272669315338135;0,212372320114144
"5693";0,149224311113358;0,135053051327623
"5694";0,269541203975677;0,318145079814104
"5695";0,417819887399673;0,409691094057344
"5696";0,195092722773552;0,27422773514336
"5697";0,351496696472168;0,394433425016804
"5698";0,518994390964508;0,616288180254927
"5699";0,160079449415207;0,145362287165826
"5700";0,327063202857971;0,351134634496353
"5701";0,635343849658966;0,6342262506134
"5702";0,421098321676254;0,188248708252749
"5703";0,128982588648796;0,139589115096433
"5704";0,314172506332397;0,322474958866149
"5705";0,370260417461395;0,332990379421116
"5706";0,51940929889679;0,457113578913077
"5707";0,911509037017822;1
"5708";0,506194174289703;0,467835184184807
"5709";0,192033603787422;0,198557944090952
"5710";0,203576222062111;0,236495931975538
"5711";0,260171234607697;0,287835926449788
"5712";0,522135376930237;0,534432847699597
"5713";0,331313014030457;0,540206019768991
"5714";0,841251790523529;0,716906322035785
"5715";0,554160892963409;0,391340654265343
"5716";0,199717938899994;0,156908631304613
"5717";0,193696022033691;0,189073447119806
"5718";0,3100705742836;0,241031995744347
"5719";0,183637782931328;0,194434249755671
"5720";0,218807578086853;0,207423886911807
"5721";0,646276772022247;0,865977872256197
"5722";0,133968025445938;0,119383012853555
"5723";0,15946926176548;0,16639312827576
"5724";0,35518342256546;0,463711489849526
"5725";0,445810258388519;0,513195821872899
"5726";0,12602262198925;0,164949835258411
"5727";0,067274197936058;0,0816512096857333
"5728";0,462699234485626;0,499175261132944
"5729";0,172062113881111;0,257114403651944
"5730";0,103087589144707;0,112166547766813
"5731";0,162576645612717;0,131547911142634
"5732";0,685741484165192;0,773194749712372
"5733";0,242121800780296;0,161032325639894
"5734";0,414723366498947;0,356907806565746
"5735";0,320660173892975;0,341237768091678
"5736";0,201302155852318;0,326392468484666
"5737";0,488522291183472;0,403711737271187
"5738";0,829811811447144;0,58288625613915
"5739";0,298625499010086;0,3026812260568
"5740";0,235828682780266;0,252578339883134
"5741";0,757772505283356;1
"5742";0,453533291816711;0,421031253479367
"5743";0,806582272052765;0,727009373157224
"5744";0,695939898490906;0,784534909134395
"5745";0,260059267282486;0,310516245293834
"5746";0,450395852327347;0,389484991814467
"5747";0,567292273044586;0,529072045063732
"5748";0,423190653324127;0,430103381016985
"5749";0,382771551609039;0,343299615259319
"5750";0,287649095058441;0,308866767559721
"5751";0,340890169143677;0,394433425016804
"5752";0,79205733537674;0,698762066960549
"5753";0,307650446891785;0,388041698797118
"5754";0,557863354682922;0,614638702520814
"5755";0,134883493185043;0,135259236044387
"5756";0,244280874729156;0,253196894033427
"5757";0,380439937114716;0,442886833456357
"5758";0,214816063642502;0,15216638281904
"5759";0,524987936019897;0,472371247953617
"5760";0,488296985626221;0,594638784994701
"5761";0,24009020626545;0,285155525131855
"5762";0,434780597686768;0,418557036878198
"5763";0,425245881080627;0,379794310126556
"5764";0,453208208084106;0,451958960993975
"5765";0,998538076877594;1
"5766";0,986943900585175;1
"5767";0,870703935623169;0,923503408233368
"5768";0,129068434238434;0,10639337569742
"5769";0,0926686525344849;0,050311132737597
"5770";0,652137160301208;0,637112836648096
"5771";0,22176855802536;0,23505263895819
"5772";0,358386725187302;0,471752693803325
"5773";0,305165559053421;0,318145079814104
"5774";0,510122716426849;0,401443705386782
"5775";0,375827819108963;0,357320175999274
"5776";0,221377894282341;0,203712562010054
"5777";0,101868271827698;0,160001402056074
"5778";0,268868118524551;0,27319681155954
"5779";0,452228665351868;0,411752941224985
"5780";0,424527078866959;0,495257751514427
"5781";0,311750769615173;0,299176085871811
"5782";0,872619926929474;0,911750879377817
"5783";0,226639926433563;0,189692001270098
"5784";0,169020101428032;0,222887740669111
"5785";0,110102355480194;0,12062012115414
"5786";0,509136497974396;0,526185459029035
"5787";0,384026885032654;0,34948515676224
"5788";0,256248474121094;0,500412369433528
"5789";0,352559477090836;0,209073364645919
"5790";0,286799281835556;0,398144749918557
"5791";0,347807794809341;0,328866685085835
"5792";0,450300365686417;0,292784359652125
"5793";0,242278724908829;0,199588867674772
"5794";0,402013093233109;0,282268939097158
"5795";0,320086747407913;0,262475206287809
"5796";0,303755402565002;0,309485321710014
"5797";0,888837218284607;1
"5798";0,504810571670532;0,458556871930425
"5799";0,722710013389587;0,676081748116503
"5800";0,423843532800674;0,363918086935724
"5801";0,529921054840088;0,585360472740319
"5802";0,179042086005211;0,158970478472254
"5803";0,569795608520508;0,515876223190832
"5804";0,220332279801369;0,185774491651581
"5805";0,230794370174408;0,223093925385875
"5806";0,275412052869797;0,250104123281966
"5807";0,132520973682404;0,114228394934454
"5808";0,365372627973557;0,355670698265162
"5809";0,127423360943794;0,170929192044569
"5810";0,718718588352203;0,556494612393351
"5811";0,306545287370682;0,408866355190288
"5812";0,190099656581879;0,245361874796393
"5813";0,286543130874634;0,305980181525025
"5814";0,4290791451931;0,559793567861576
"5815";0,229349076747894;0,198145574657424
"5816";0,124394722282887;0,084331611003666
"5817";0,732393383979797;0,874431445643523
"5818";0,328300893306732;0,307011105108845
"5819";0,129234418272972;0,130516987558814
"5820";0,227866590023041;0,208248625778863
"5821";0,604618012905121;0,583710995006206
"5822";0,219062551856041;0,33979447507433
"5823";0,32028740644455;0,421855992346423
"5824";0,675558269023895;0,596288262728814
"5825";0,343359887599945;0,305980181525025
"5826";0,889340281486511;0,969276415354988
"5827";0,459530383348465;0,395876718034152
"5828";0,263306617736816;0,360206762033971
"5829";0,521337270736694;0,514020560739956
"5830";0,418741583824158;0,413402418959097
"5831";0,809146821498871;0,914018911262222
"5832";0,360695421695709;0,430721935167278
"5833";0,336716890335083;0,376289169941567
"5834";0,252495974302292;0,0577337825411029
"5835";0,581532597541809;1
"5836";0,434421926736832;0,441443540439009
"5837";0,088513471186161;0,104950082680071
"5838";0,45332083106041;0,528247306196675
"5839";0,263134002685547;0,222475371235583
"5840";0,251901835203171;0,360206762033971
"5841";0,104786679148674;0,121032490587668
"5842";0,405863553285599;0,501649477734112
"5843";0,122232377529144;0,0886614900557111
"5844";0,18763592839241;0,222475371235583
"5845";0,189195662736893;0,171960115628389
"5846";0,0728218406438828;0,0515482410381813
"5847";0,264862954616547;0,261238097987225
"5848";0,0835647732019424;0,0752594834660476
"5849";0,288617163896561;0,350928449779589
"5850";0,451736629009247;0,513402006589664
"5851";0,590011835098267;0,419794145178783
"5852";0,456503570079803;0,471340324369796
"5853";0,96391361951828;0,852575865666533
"5854";0,270994156599045;0,252784524599899
"5855";0,169701844453812;0,196083727489784
"5856";0,104815304279327;0,109486146448881
"5857";0,441974520683289;0,108249038148296
"5858";0,44952654838562;0,573195574451239
"5859";0,417857229709625;0,656288015307153
"5860";0,518351078033447;0,447216712508402
"5861";0,329047381877899;0,19897031352448
"5862";0,104563720524311;0,100001649477734
"5863";0,480354636907578;0,506185541502922
"5864";0,279504954814911;0,484536146242696
"5865";0,668310165405273;0,682267289619424
"5866";0,997141182422638;1
"5867";0,450530678033829;0,31134098416089
"5868";0,921495139598846;0,891338592418176
"5869";0,774334788322449;0,568247141248902
"5870";0,114007897675037;0,102888235512431
"5871";0,757366061210632;0,372784029756578
"5872";0,541608273983002;0,514845299607012
"5873";0,610639691352844;0,531958631098428
"5874";0,284777194261551;0,377732462958916
"5875";0,281559616327286;0,299382270588575
"5876";0,252015888690948;0,199176498241244
"5877";0,73148387670517;0,742885596348056
"5878";0,544510185718536;0,496288675098247
"5879";0,0982900112867355;0,159382847905782
"5880";0,137898653745651;0,134022127743803
"5881";0,26090607047081;0,390722100115051
"5882";0,861061275005341;0,998142275701956
"5883";0,392573177814484;0,648865365503647
"5884";0,32854500412941;0,350928449779589
"5885";0,308995515108109;0,309279136993249
"5886";0,686339437961578;0,645360225318658
"5887";0,136077046394348;0,237733040276123
"5888";0,32103505730629;0,391959208415635
"5889";0,179075658321381;0,203094007859761
"5890";0,359228134155273;0,274433919860124
"5891";0,32603919506073;0,299176085871811
"5892";0,196890518069267;0,211341396530324
"5893";0,235310479998589;0,270516410241607
"5894";0,998301565647125;1
"5895";0,31244683265686;0,253403078750191
"5896";0,311789363622665;0,329897608669655
"5897";0,280387133359909;0,297732792854462
"5898";0,500212073326111;0,585979026890611
"5899";0,263699173927307;0,179176580715131
"5900";0,728586375713348;0,909689032210176
"5901";0,332793354988098;0,282681308530686
"5902";0,181186929345131;0,137733452645556
"5903";0,227162048220634;0,201032160692121
"5904";0,326191127300262;0,31237190774471
"5905";0,538786768913269;0,540824573919283
"5906";0,529652714729309;0,559793567861576
"5907";0,391761064529419;0,414227157826153
"5908";0,307752847671509;0,299794640022103
"5909";0,426804959774017;0,379794310126556
"5910";0,251519590616226;0,224949587836751
"5911";0,247362539172173;0,270722594958371
"5912";0,203207552433014;0,271959703258956
"5913";0,375695616006851;0,371546921455994
"5914";0,84110689163208;0,984534084395528
"5915";0,318398326635361;0,319794557548216
"5916";0,50290447473526;0,616494364971691
"5917";0,384972304105759;0,441237355722244
"5918";0,55610990524292;0,491752611329438
"5919";0,4201320707798;0,486185623976808
"5920";0,459303736686707;0,362474793918376
"5921";0,233378931879997;0,278351429478641
"5922";0,667527616024017;0,515876223190832
"5923";0,581456780433655;0,659380786058614
"5924";0,112098932266235;0,0653626170613729
"5925";0,297472029924393;0,231135129339673
"5926";0,42297425866127;0,33525841130552
"5927";0,385543406009674;0,475257833988313
"5928";0,302340686321259;0,349278972045476
"5929";0,481174439191818;0,439587877988132
"5930";0,0899219289422035;0,110310885315937
"5931";0,149645060300827;0,135671605477916
"5932";0,109883107244968;0,0711357891307665
"5933";0,757230281829834;0,878555139978804
"5934";0,302493691444397;0,218145492183537
"5935";0,497234255075455;0,438350769687548
"5936";0,174399361014366;0,15216638281904
"5937";0,426600694656372;0,437319846103727
"5938";0,204502508044243;0,194846619189199
"5939";0,348393529653549;0,25134123158255
"5940";0,173835664987564;0,318351264530868
"5941";0,300489038228989;0,296289499837114
"5942";0,261343359947205;0,278351429478641
"5943";0,425408482551575;0,607422237434072
"5944";0,345718294382095;0,409897278774108
"5945";0,74366307258606;0,812988400047835
"5946";0,181997716426849;0,159382847905782
"5947";0,275475353002548;0,245980428946685
"5948";0,340485513210297;0,352990296947229
"5949";0,607383847236633;0,687009538104998
"5950";0,314900785684586;0,325980099051138
"5951";0,196472376585007;0,308454398126193
"5952";0,207307398319244;0,226805250287628
"5953";0,865337610244751;1
"5954";0,572808921337128;0,584535733873262
"5955";0,369852691888809;0,365361379953072
"5956";0,675038695335388;1
"5957";0,532217442989349;0,469897031352448
"5958";0,186928808689117;0,262475206287809
"5959";0,147563099861145;0,225568141987043
"5960";0,143404752016068;0,132785019443219
"5961";0,138922438025475;0,175259071096614
"5962";0,107163466513157;0,105981006263892
"5963";0,155376926064491;0,105981006263892
"5964";0,102947115898132;0,0490740244370126
"5965";0,2040795981884;0,203094007859761
"5966";0,540693581104279;0,602886173665263
"5967";0,629896402359009;0,681442550752368
"5968";0,148435309529305;0,13134172642587
"5969";0,235087558627129;0,160207586772838
"5970";0,25566303730011;0,235465008391718
"5971";0,196951135993004;0,164537465824883
"5972";0,536859273910522;0,326186283767902
"5973";0,217501163482666;0,224331033686459
"5974";0,582780301570892;0,469897031352448
"5975";0,297862529754639;0,308866767559721
"5976";0,417665868997574;0,350103710912532
"5977";0,537328779697418;0,579587300670925
"5978";0,0934148207306862;0,0764965917666319
"5979";0,200891986489296;0,202887823142997
"5980";0,217559203505516;0,259794804969876
"5981";0,336275935173035;0,405773584438827
"5982";0,522452116012573;0,538556542034878
"5983";0,0938402712345123;0,0927851843909922
"5984";0,625786662101746;0,716081583168729
"5985";0,256006002426147;0,237939224992887
"5986";0,175469845533371;0,201032160692121
"5987";0,109842911362648;0,0721667127145867
"5988";0,437039643526077;0,427835349132581
"5989";0,465653121471405;0,424330208947592
"5990";0,117245621979237;0,182269351466592
"5991";0,591029703617096;0,833194502290712
"5992";0,330423951148987;0,414020973109389
"5993";0,213817626237869;0,143094255281422
"5994";0,506998777389526;0,612164485919646
"5995";0,243225201964378;0,235465008391718
"5996";0,624183475971222;0,676287932833267
"5997";0,433883786201477;0,414433342542917
"5998";0,738121092319489;0,549071962589845
"5999";0,463079422712326;0,484536146242696
"6000";0,626284599304199;0,629896371561354
"6001";0,302187323570251;0,377526278242152
"6002";0,998132824897766;1
"6003";0,284375756978989;0,299176085871811
"6004";0,141474634408951;0,19134147900421
"6005";0,467517644166946;0,518762809225529
"6006";0,220270127058029;0,16082614092313
"6007";0,478692710399628;0,440412616855188
"6008";0,173927158117294;0,0360843872808772
"6009";0,4244185090065;0,459793980231009
"6010";0,702875554561615;0,68865901583911
"6011";0,239243894815445;0,0670120947954854
"6012";0,490973144769669;0,504123694335281
"6013";0,194739103317261;0,303299780207092
"6014";0,700050830841064;0,642679824000726
"6015";0,719162166118622;0,514020560739956
"6016";0,290888696908951;0,269073117224259
"6017";0,520485877990723;0,460206349664537
"6018";0,26339265704155;0,36474282580278
"6019";0,157632306218147;0,155052968853737
"6020";0,313899248838425;0,246186613663449
"6021";0,320355504751205;0,275671028160709
"6022";0,872142016887665;0,862472732071208
"6023";0,751873850822449;0,468041368901572
"6024";0,335626900196075;0,298557531721519
"6025";0,724087238311768;0,555051319376003
"6026";0,191734731197357;0,191960033154502
"6027";0,228876695036888;0,186599230518637
"6028";0,495741367340088;0,632164403445759
"6029";0,243802756071091;0,281238015513338
"6030";0,287184119224548;0,309897691143542
"6031";0,278241187334061;0,215258906148841
"6032";0,264381259679794;0,304536888507676
"6033";0,244551748037338;0,329897608669655
"6034";0,0992053300142288;0,099383095327442
"6035";0,472078412771225;0,452989884577796
"6036";0,617390930652618;0,784947278567923
"6037";0,113570131361485;0,223093925385875
"6038";0,404205173254013;0,495051566797663
"6039";0,133679404854774;0,281238015513338
"6040";0,230564281344414;0,295464760970058
"6041";0,417927771806717;0,351340819213117
"6042";0,112291626632214;0,0913418913736438
"6043";0,638134658336639;0,676287932833267
"6044";0,710596859455109;0,969070230638224
"6045";0,426808655261993;0,374227322773927
"6046";0,304420173168182;0,329072869802599
"6047";0,775805175304413;0,698968251677313
"6048";0,323777228593826;0,399588042935905
"6049";0,574168741703033;0,54371115995398
"6050";0,356613248586655;0,351959373363409
"6051";0,429732233285904;0,382680896161253
"6052";0,344136863946915;0,345361462426959
"6053";0,34141081571579;0,320619296415273
"6054";0,411836385726929;0,41814466744467
"6055";0,298472285270691;0,244124766495808
"6056";0,971379399299622;1
"6057";0,446064621210098;0,578144007653577
"6058";0,513841092586517;0,56103067616216
"6059";0,222503006458282;0,3026812260568
"6060";0,63542115688324;0,527216382612855
"6061";0,558262169361115;0,512989637156135
"6062";0,286670655012131;0,455051731745436
"6063";0,431810557842255;0,540618389202519
"6064";0,946704268455505;0,826596591354262
"6065";0,0880208238959312;0,0942284774083406
"6066";0,276488840579987;0,220207339351178
"6067";0,271412432193756;0,282268939097158
"6068";0,172763243317604;0,194021880322143
"6069";0,659573554992676;0,553195656925126
"6070";0,53119832277298;0,409897278774108
"6071";0,222825139760971;0,210104288229739
"6072";0,344847649335861;0,290722512484485
"6073";0,247970625758171;0,189073447119806
"6074";0,320226967334747;0,312578092461474
"6075";0,0971035584807396;0,0709296044140024
"6076";0,187723323702812;0,175259071096614
"6077";0,314412444829941;0,365155195236308
"6078";0,300551474094391;0,359175838450151
"6079";0,259878009557724;0,304124519074148
"6080";0,465977996587753;0,471340324369796
"6081";0,137782096862793;0,124743815489421
"6082";0,278990149497986;0,25031030799873
"6083";0,3836310505867;0,413402418959097
"6084";0,844071626663208;0,805978119677857
"6085";0,388861745595932;0,456082655329256
"6086";0,130525767803192;0,0686615725295978
"6087";0,199439749121666;0,170104453177513
"6088";0,202988907694817;0,154846784136973
"6089";0,411861807107925;0,37134073673923
"6090";0,769972443580627;0,725153710706348
"6091";0,586902439594269;0,304124519074148
"6092";0,247425928711891;0,373196399190106
"6093";0,639297842979431;0,568865695399194
"6094";0,232984855771065;0,261238097987225
"6095";0,745563566684723;0,699999175261133
"6096";0,345931023359299;0,219588785200886
"6097";0,200360208749771;0,312578092461474
"6098";0,52714878320694;0,505154617919101
"6099";0,82766717672348;0,765153545758574
"6100";0,214411452412605;0,323712067166733
"6101";0,717028737068176;0,754225755770079
"6102";0,422024995088577;0,444123941756941
"6103";0,141478270292282;0,149485981501107
"6104";0,333904415369034;0,274433919860124
"6105";0,342306435108185;0,33319656413788
"6106";0,152637138962746;0,211753765963852
"6107";0,262034505605698;0,208454810495627
"6108";0,555953204631805;0,576082160485936
"6109";0,314698547124863;0,243506212345516
"6110";0,215113058686256;0,195671358056255
"6111";0,270134568214417;0,305567812091497
"6112";0,587202847003937;0,652164320971872
"6113";0,33984163403511;0,382474711444489
"6114";0,269332736730576;0,247836091397561
"6115";0,127066865563393;0,0696924961134181
"6116";0,116574577987194;0,0983521717436217
"6117";0,383682012557983;0,662267372093311
"6118";0,369656771421432;0,342474876392262
"6119";0,32388374209404;0,37340258390687
"6120";0,28710401058197;0,314433754912351
"6121";0,888119518756866;1
"6122";0,524933457374573;0,611133562335825
"6123";0,371165215969086;0,400412781802962
"6124";0,392792105674744;0,368660335421297
"6125";0,48854672908783;0,515670038474068
"6126";0,488840639591217;0,528041121479911
"6127";0,458348572254181;0,386186036346242
"6128";0,195059195160866;0,252578339883134
"6129";0,323314070701599;0,34288724582579
"6130";0,525514423847198;0,357320175999274
"6131";0,249713733792305;0,196496096923312
"6132";0,447237730026245;0,430721935167278
"6133";0,342841237783432;0,31793889509734
"6134";0,461962312459946;0,435257998936087
"6135";0,481121331453323;0,450928037410155
"6136";0,405958384275436;0,380619048993612
"6137";0,135116189718246;0,149485981501107
"6138";0,477458626031876;0,488659840577977
"6139";0,63614547252655;0,786390571585272
"6140";0,481869548559189;0,3026812260568
"6141";0,360485851764679;0,297732792854462
"6142";0,618773877620697;0,360412946750735
"6143";0,313604593276978;0,231135129339673
"6144";0,755639612674713;0,875874738660872
"6145";0,51683646440506;0,523298872994338
"6146";0,305298715829849;0,309485321710014
"6147";0,294050246477127;0,331547086403767
"6148";0,448371082544327;0,488866025294741
"6149";0,301450282335281;0,260207174403405
"6150";0,247619897127151;0,174228147512794
"6151";0,316296875476837;0,172578669778681
"6152";0,511428415775299;0,432989967051682
"6153";0,126503273844719;0,132372650009691
"6154";0,122682988643646;0,164537465824883
"6155";0,410716563463211;0,479381528323595
"6156";0,353890687227249;0,313196646611767
"6157";0,152472659945488;0,134434497177331
"6158";0,17008812725544;0,0903109677898235
"6159";0,465360552072525;0,513608191306428
"6160";0,197824880480766;0,139795299813197
"6161";0,311750173568726;0,312784277178238
"6162";0,328731834888458;0,346804755444307
"6163";0,303222388029099;0,31134098416089
"6164";0,588336646556854;0,655257091723333
"6165";0,135917812585831;0,149485981501107
"6166";0,445796698331833;0,742267042197764
"6167";0,80250883102417;1
"6168";0,22753781080246;0,16948589902722
"6169";0,331987500190735;0,403505552554422
"6170";0,374707579612732;0,325155360184082
"6171";0,462856650352478;0,418763221594962
"6172";0,229762300848961;0,252578339883134
"6173";0,452454775571823;0,52082465639317
"6174";0,182218089699745;0,111341808899757
"6175";0,149113073945045;0,131547911142634
"6176";0,513442873954773;0,407216877456175
"6177";0,404991924762726;0,521443210543462
"6178";0,281065344810486;0,315258493779407
"6179";0,442614167928696;0,425567317248176
"6180";0,188573747873306;0,161238510356658
"6181";0,452625602483749;0,45422699287838
"6182";0,25466451048851;0,250516492715494
"6183";0,318751305341721;0,300207009455631
"6184";0,388185679912567;0,328248130935543
"6185";0,784906506538391;0,869276827724422
"6186";0,334768354892731;0,362268609201612
"6187";0,320213288068771;0,334433672438464
"6188";0,176716208457947;0,116290242102094
"6189";0,137138828635216;0,023919488991798
"6190";0,0749923139810562;0,0785584389342724
"6191";0,116520270705223;0,0839192415701379
"6192";0,251321166753769;0,278351429478641
"6193";0,172417193651199;0,145362287165826
"6194";0,330286264419556;0,374021138057163
"6195";0,226088047027588;0,216908383882953
"6196";0,0991689413785934;0,0793831778013287
"6197";0,613663375377655;0,585360472740319
"6198";0,358941048383713;0,462474381548942
"6199";0,763369560241699;0,980204205343483
"6200";0,350749343633652;0,309279136993249
"6201";0,324991017580032;0,446185788924582
"6202";0,865344524383545;0,782266877249991
"6203";0,385836482048035;0,315052309062643
"6204";0,577609360218048;0,515670038474068
"6205";0,648013412952423;0,846390324163612
"6206";0,542465627193451;0,590308905942656
"6207";0,347769945859909;0,436082737803143
"6208";0,53197830915451;0,442886833456357
"6209";0,300233900547028;0,32000074226498
"6210";0,873187005519867;0,799792578174935
"6211";0,56080824136734;0,526804013179327
"6212";0,601387023925781;0,448453820808986
"6213";0,179085463285446;0,143712809431714
"6214";0,375323921442032;0,337114073756397
"6215";0,461048185825348;0,414433342542917
"6216";0,133038520812988;0,104950082680071
"6217";0,192183837294579;0,0824759485527895
"6218";0,353436470031738;0,311959538311182
"6219";0,106920674443245;0,145774656599354
"6220";0,096987821161747;0,0985583564603857
"6221";0,402170479297638;0,35505214411487
"6222";0,207837298512459;0,113816025500926
"6223";0,948014259338379;1
"6224";0,236469134688377;0,273609180993068
"6225";0,385605424642563;0,32659865320143
"6226";0,61532860994339;0,872781967909411
"6227";0,425389230251312;0,384742743328893
"6228";0,682676613330841;1
"6229";0,870671570301056;0,847627432464196
"6230";0,21617066860199;0,179382765431895
"6231";0,151397213339806;0,130516987558814
"6232";0,178625985980034;0,144949917732298
"6233";0,263727247714996;0,149485981501107
"6234";0,327881991863251;0,315052309062643
"6235";0,278529793024063;0,299794640022103
"6236";0,302968889474869;0,227836173871448
"6237";0,44590026140213;0,441649725155773
"6238";0,308070480823517;0,310103875860306
"6239";0,0961271971464157;0,099383095327442
"6240";0,122869722545147;0,118970643420027
"6241";0,136573135852814;0,0800017319516208
"6242";0,406192988157272;0,436701291953435
"6243";0,198530599474907;0,185155937501289
"6244";0,625908672809601;0,578968746520633
"6245";0,828787088394165;0,918348790314267
"6246";0,391432523727417;0,392990131999456
"6247";0,594940364360809;0,662679741526839
"6248";0,351927012205124;0,455670285895728
"6249";0,624386131763458;0,787421495169092
"6250";0,382106989622116;0,247423721964033
"6251";0,391448557376862;0,5315462616649
"6252";0,545355200767517;0,540206019768991
"6253";0,313300043344498;0,265980346472798
"6254";0,695724308490753;0,743710335215113
"6255";0,282266408205032;0,284536970981563
"6256";0,358853191137314;0,359382023166915
"6257";0,527257919311523;0,640824161549849
"6258";0,563201904296875;0,414433342542917
"6259";0,490759462118149;0,463711489849526
"6260";0,168871268630028;0,135259236044387
"6261";0,103235512971878;0,0888676747724752
"6262";0,559422850608826;0,852163496233005
"6263";0,270442485809326;0,183918829200704
"6264";0,769910573959351;0,512783452439371
"6265";0,402381330728531;0,484536146242696
"6266";0,839875757694244;0,999997938152832
"6267";0,263231247663498;0,1237128919056
"6268";0,148914575576782;0,1237128919056
"6269";0,451730966567993;0,440824986288716
"6270";0,240058898925781;0,212784689547672
"6271";0,728300988674164;0,633607696463107
"6272";0,517977118492126;0,659586970775378
"6273";0,370126783847809;0,432989967051682
"6274";0,885644257068634;0,964327982152651
"6275";0,400019913911819;0,411546756508221
"6276";0,318218290805817;0,290928697201249
"6277";0,252144157886505;0,294433837386238
"6278";0,847908914089203;0,634844804763692
"6279";0,794548213481903;0,956699147632381
"6280";0,516241669654846;0,314227570195587
"6281";0,30361270904541;0,344536723559903
"6282";0,371950745582581;0,450515667976627
"6283";0,206549137830734;0,261238097987225
"6284";0,409195095300674;0,508453573387326
"6285";0,440520137548447;0,350722265062825
"6286";0,64892441034317;0,797730731007295
"6287";0,372499078512192;0,354845959398106
"6288";0,328861832618713;0,237526855559359
"6289";0,549292623996735;0,514020560739956
"6290";0,320837408304214;0,349691341479004
"6291";0,170203253626823;0,149485981501107
"6292";0,392152786254883;0,446185788924582
"6293";0,267048209905624;0,247011352530505
"6294";0,199727773666382;0,19134147900421
"6295";0,386231809854507;0,346392386010779
"6296";0,086485743522644;0,0696924961134181
"6297";0,91484409570694;1
"6298";0,333213180303574;0,334433672438464
"6299";0,64780604839325;0,675669378682974
"6300";0,185806840658188;0,211547581247088
"6301";0,528568506240845;0,663710665110659
"6302";0,879329204559326;0,915874573713098
"6303";0,428688436746597;0,430515750450514
"6304";0,257778137922287;0,298969901155047
"6305";0,497277766466141;0,496082490381483
"6306";0,231323197484016;0,175259071096614
"6307";0,307249397039413;0,322062589432621
"6308";0,166692703962326;0,183094090333648
"6309";0,317083656787872;0,26556797703927
"6310";0,350125461816788;0,341443952808442
"6311";0,759259879589081;0,730308328625449
"6312";0,112874835729599;0,0721667127145867
"6313";0,550791382789612;0,519793732809349
"6314";0,259749978780746;0,388247883513882
"6315";0,140217155218124;0,165362204691939
"6316";0,485720455646515;0,336289334889341
"6317";0,21681036055088;0,204743485593874
"6318";0,211184307932854;0,214434167281784
"6319";0,680566132068634;0,61237067063641
"6320";0,373022198677063;0,371753106172758
"6321";0,778117179870605;1
"6322";0,283871531486511;0,243300027628752
"6323";0,165794491767883;0,172578669778681
"6324";0,947620809078217;0,904740599007839
"6325";0,4953433573246;0,639174683815737
"6326";0,670512616634369;0,643710747584546
"6327";0,149753764271736;0,0991769106106779
"6328";0,511083602905273;0,435051814219323
"6329";0,341456711292267;0,355670698265162
"6330";0,242791354656219;0,208867179929155
"6331";0,371777772903442;0,356701621848982
"6332";0,172315016388893;0,119176828136791
"6333";0,805842995643616;0,69628785035938
"6334";0,297454416751862;0,189485816553334
"6335";0,118623495101929;0,201032160692121
"6336";0,324675321578979;0,262681391004573
"6337";0,280799210071564;0,342062506958734
"6338";0,495312929153442;1
"6339";0,663270771503448;0,674226085665626
"6340";0,400003433227539;0,424536393664356
"6341";0,192442402243614;0,205774409177694
"6342";0,208666518330574;0,121857229454724
"6343";0,176327481865883;0,215258906148841
"6344";0,469899386167526;0,493195904346786
"6345";0,496904522180557;0,61443251780405
"6346";0,133331596851349;0,19897031352448
"6347";0,308397799730301;0,258145327235764
"6348";0,428843766450882;0,44762908194193
"6349";0,0832333266735077;0,0721667127145867
"6350";0,251557379961014;0,744535074082169
"6351";0,344059258699417;0,355670698265162
"6352";0,287725687026978;0,305361627374732
"6353";0,833302319049835;0,659999340208906
"6354";0,847272515296936;0,999997938152832
"6355";0,383020013570786;0,314433754912351
"6356";0,64662903547287;1
"6357";0,956671833992004;1
"6358";0,160377204418182;0,187011599952165
"6359";0,948526978492737;1
"6360";0,398457407951355;0,446185788924582
"6361";0,75720077753067;0,444948680623997
"6362";0,185929372906685;0,182063166749828
"6363";0,132975295186043;0,0942284774083406
"6364";0,307511836290359;0,222063001802054
"6365";0,493594169616699;0,435051814219323
"6366";0,383768498897552;0,354021220531049
"6367";0,238712206482887;0,238970148576707
"6368";0,3358034491539;0,312990461895003
"6369";0,254117876291275;0,200001237108301
"6370";0,248562142252922;0,204949670310638
"6371";0,194978132843971;0,229898021039088
"6372";0,210586547851562;0,163918911674591
"6373";0,324852645397186;0,303093595490328
"6374";0,323620527982712;0,242062919328168
"6375";0,247816547751427;0,152372567535804
"6376";0,408841222524643;0,443299202889885
"6377";0,405534833669662;0,352577927513701
"6378";0,459613412618637;0,327423392068486
"6379";0,471460998058319;0,475464018705077
"6380";0,642449378967285;0,865565502822669
"6381";0,472586959600449;0,384536558612129
"6382";0,618954241275787;0,56659766351479
"6383";0,731772065162659;0,847215063030668
"6384";0,0910661742091179;0,127424216807353
"6385";0,320533454418182;0,332371825270824
"6386";0,110800564289093;0,12927987925823
"6387";0,982502937316895;1
"6388";0,803771376609802;1
"6389";0,328608006238937;0,292578174935361
"6390";0,346722185611725;0,330516162819947
"6391";0,403734445571899;0,405567399722063
"6392";0,465009659528732;0,467835184184807
"6393";0,529572129249573;0,526391643745799
"6394";0,248624056577682;0,269485486657787
"6395";0,153359562158585;0,139589115096433
"6396";0,560162901878357;0,696700219792908
"6397";0,345386177301407;0,441649725155773
"6398";0,808079957962036;0,768452501226799
"6399";0,239875748753548;0,478350604739774
"6400";0,405419886112213;0,315258493779407
"6401";0,147284463047981;0,143094255281422
"6402";0,183914959430695;0,144743733015534
"6403";0,224595844745636;0,212990874264436
"6404";0,396921068429947;0,357938730149566
"6405";0,216095924377441;0,417526113294378
"6406";0,375430047512054;0,364949010519544
"6407";0,231290802359581;0,148867427350815
"6408";0,412693679332733;0,32659865320143
"6409";0,218021899461746;0,150310720368163
"6410";0,908665239810944;0,860823254337096
"6411";0,271946460008621;0,329897608669655
"6412";0,586588501930237;0,600824326497623
"6413";0,25338152050972;0,262681391004573
"6414";0,727406322956085;0,5894841670756
"6415";0,505972683429718;0,513608191306428
"6416";0,228577375411987;0,216083645015897
"6417";0,432672053575516;0,459793980231009
"6418";0,311108618974686;0,292784359652125
"6419";0,231155186891556;0,20453730087711
"6420";0,205513268709183;0,248042276114325
"6421";0,288282752037048;0,28185656966363
"6422";0,155923247337341;0,372784029756578
"6423";0,324235171079636;0,449484744392807
"6424";0,0959278494119644;0,111960363050049
"6425";0,332231909036636;0,287217372299496
"6426";0,354213565587997;0,384948928045658
"6427";0,309138149023056;0,271959703258956
"6428";0,64619255065918;0,807215227978441
"6429";0,494846910238266;0,518350439792001
"6430";0,165438011288643;0,203094007859761
"6431";0,156467005610466;0,120826305870904
"6432";0,830774664878845;0,899792165805502
"6433";0,165589943528175;0,195877542773019
"6434";0,823966324329376;0,751751539168911
"6435";0,429271996021271;0,413196234242333
"6436";0,131292060017586;0,229691836322324
"6437";0,237731099128723;0,170929192044569
"6438";0,076584666967392;0,0686615725295978
"6439";0,363480716943741;0,314639939629115
"6440";0,168995797634125;0,175671440530142
"6441";0,379382640123367;0,557525535977171
"6442";0,529040694236755;0,669483837180053
"6443";0,316821873188019;0,316701786796755
"6444";0,357337653636932;0,354845959398106
"6445";0,1494060754776;0,11299128663387
"6446";0,252627402544022;0,108249038148296
"6447";0,235364362597466;0,232166052923493
"6448";0,411127030849457;0,201032160692121
"6449";0,315737426280975;0,143094255281422
"6450";0,64251846075058;0,676494117550031
"6451";0,189064994454384;0,136702529061736
"6452";0,320527017116547;0,331547086403767
"6453";0,262814313173294;0,168661160160164
"6454";0,330047428607941;0,347835679028128
"6455";0,574154675006866;0,521237025826698
"6456";0,598984897136688;0,450103298543099
"6457";0,237934917211533;0,189692001270098
"6458";0,47337931394577;0,533195739399013
"6459";0,148594737052917;0,122888153038544
"6460";0,235291689634323;0,201444530125649
"6461";0,628835260868073;0,568247141248902
"6462";0,10633223503828;0,099589280044206
"6463";0,993081867694855;1
"6464";0,377964347600937;0,268454563073967
"6465";0,497578859329224;0,6210304287405
"6466";0,313488841056824;0,243918581779044
"6467";0,931894600391388;1
"6468";0,961980402469635;1
"6469";0,374905914068222;0,460206349664537
"6470";0,355375647544861;0,355670698265162
"6471";0,35054612159729;0,240207256877291
"6472";0,628915905952454;0,432989967051682
"6473";0,271376401185989;0,222269186518818
"6474";0,198609828948975;0,239382518010235
"6475";0,239957481622696;0,35505214411487
"6476";0,40244796872139;0,42268073121348
"6477";0,413822144269943;0,408660170473524
"6478";0,993961215019226;1
"6479";0,464379906654358;0,453402254011324
"6480";0,379415333271027;0,46391767456629
"6481";0,444036513566971;0,459587795514245
"6482";0,431628048419952;0,423299285363772
"6483";0,319981426000595;0,33979447507433
"6484";0,208958327770233;0,292371990218597
"6485";0,321121752262115;0,108249038148296
"6486";0,349150896072388;0,359588207883679
"6487";0,560919344425201;0,542680236370159
"6488";0,538040161132812;0,565772924647733
"6489";0,121265523135662;0,0915480760904079
"6490";0,275436341762543;0,303505964923856
"6491";0,376407086849213;0,366186118820129
"6492";0,581595003604889;0,643504562867782
"6493";0,321767091751099;0,539793650335463
"6494";0,556721031665802;0,570102803699779
"6495";0,561571061611176;0,419587960462019
"6496";0,239854365587234;0,236908301409066
"6497";0,224454283714294;0,155465338287265
"6498";0,246884897351265;0,309072952276485
"6499";0,366916984319687;0,416495189710558
"6500";0,426620751619339;0,355670698265162
"6501";0,86507910490036;1
"6502";0,373564779758453;0,319794557548216
"6503";0,6347776055336;0,649071550220411
"6504";0,221684619784355;0,286598818149204
"6505";0,267554461956024;0,304124519074148
"6506";0,564144372940063;0,570515173133307
"6507";0,646466434001923;0,62762833967695
"6508";0,115846380591393;0,144331363582006
"6509";0,290213048458099;0,229898021039088
"6510";0,997939348220825;1
"6511";0,674189805984497;0,586391396324139
"6512";0,193545624613762;0,203918746726818
"6513";0,655775427818298;0,777112259330889
"6514";0,372575312852859;0,353608851097521
"6515";0,218778476119041;0,180826058449244
"6516";0,193175613880157;0,215258906148841
"6517";0,0902955606579781;0,088249120622183
"6518";0,244287639856339;0,188248708252749
"6519";0,314458787441254;0,331753271120531
"6520";0,459584146738052;0,526804013179327
"6521";0,211839824914932;0,168661160160164
"6522";0,899569571018219;0,804947196094037
"6523";0,109963349997997;0,0793831778013287
"6524";0,200823947787285;0,152578752252568
"6525";0,430654108524323;0,420206514612311
"6526";0,224285423755646;0,209073364645919
"6527";0,375601023435593;0,594432600277937
"6528";0,121902719140053;0,110310885315937
"6529";0,521811366081238;0,427629164415817
"6530";0,182929739356041;0,113403656067398
"6531";0,133371561765671;0,10082638834479
"6532";0,822581946849823;0,958142440649729
"6533";0,179288074374199;0,166805497709288
"6534";0,876834154129028;1
"6535";0,338107734918594;0,481031006057707
"6536";0,270078748464584;0,229898021039088
"6537";0,534850597381592;0,572577020300947
"6538";0,259924411773682;0,260619543836933
"6539";0,440930217504501;0,522267949410518
"6540";0,463677734136581;0,444742495907233
"6541";0,49394017457962;0,348041863744892
"6542";0,873193681240082;1
"6543";0,272980630397797;0,299588455305339
"6544";0,460689902305603;0,490721687745618
"6545";0,51191782951355;0,425361132531412
"6546";0,250673919916153;0,222269186518818
"6547";0,449008733034134;0,414639527259681
"6548";0,141854226589203;0,12062012115414
"6549";0,178334593772888;0,157321000738141
"6550";0,583930313587189;0,814019323631655
"6551";0,232956826686859;0,203300192576525
"6552";0,188434436917305;0,209691918796211
"6553";0,295019119977951;0,345567647143723
"6554";0,831272721290588;0,671133314914165
"6555";0,269324570894241;0,285980263998911
"6556";0,135779321193695;0,163712726957827
"6557";0,571922481060028;0,644535486451602
"6558";0,692202687263489;0,618556212139331
"6559";0,486432552337646;0,568865695399194
"6560";0,466577380895615;0,357526360716038
"6561";0,45071268081665;0,407216877456175
"6562";0,283793896436691;0,252578339883134
"6563";0,364304453134537;0,340413029224622
"6564";0,761830985546112;0,609896454035241
"6565";0,197399139404297;0,177939472414547
"6566";0,360245257616043;0,339175920924037
"6567";0,0866135433316231;0,0835068721366097
"6568";0,360075384378433;1
"6569";0,166826203465462;0,122269598888252
"6570";0,462758958339691;0,463299120415998
"6571";0,341742753982544;0,319176003397924
"6572";0,374723315238953;0,45628884004602
"6573";0,964696943759918;1
"6574";0,554745852947235;0,605360390266432
"6575";0,394188523292542;0,450928037410155
"6576";0,149424076080322;0,0567028589572827
"6577";0,682629108428955;0,884740681481726
"6578";0,17532417178154;0,160619956206366
"6579";0,0706757009029388;0,0789708083678005
"6580";0,194495230913162;0,275052474010416
"6581";0,317472040653229;0,291753436068305
"6582";0,234865367412567;0,292371990218597
"6583";0,48548236489296;0,69525692677556
"6584";0,583139300346375;0,716493952602257
"6585";0,547283709049225;0,672576607931514
"6586";0,226048827171326;0,234640269524662
"6587";0,336927473545074;0,464123859283054
"6588";0,387606918811798;0,264124684021922
"6589";0,483699023723602;0,362887163351904
"6590";0,49269500374794;0,312990461895003
"6591";0,328757852315903;0,456495024762784
"6592";0,983584463596344;1
"6593";0,391067504882812;0,365567564669836
"6594";0,510773777961731;0,49134024189591
"6595";0,466832190752029;0,490515503028853
"6596";0,148127153515816;0,145362287165826
"6597";0,348298162221909;0,428041533849345
"6598";0,231464385986328;0,231959868206729
"6599";0,714350700378418;0,974843402707618
"6600";0,277181416749954;0,432989967051682
"6601";0,288857191801071;0,370103628438646
"6602";0,136460646986961;0,103712974379487
"6603";0,444298088550568;0,432989967051682
"6604";0,339323818683624;0,291341066634777
"6605";0,219809144735336;0,171753930911625
"6606";0,283450245857239;0,329897608669655
"6607";0,242510765790939;0,277320505894821
"6608";0,311794370412827;0,212578504830908
"6609";0,205515757203102;0,223506294819403
"6610";0,201732203364372;0,262269021571045
"6611";0,340240985155106;0,348660417895184
"6612";0,104369767010212;0,0954655857089249
"6613";0,478642970323563;0,65051484323776
"6614";0,848077058792114;0,981853683077596
"6615";0,654938936233521;0,697112589226436
"6616";0,30525615811348;0,417526113294378
"6617";0,239779070019722;0,267423639490146
"6618";0,22885462641716;0,264124684021922
"6619";0,238699361681938;0,297938977571227
"6620";0,773516118526459;0,329897608669655
"6621";0,228058606386185;0,188248708252749
"6622";0,265555292367935;0,224743403119987
"6623";0,211110919713974;0,128661325107938
"6624";0,325736671686172;0,409278724623816
"6625";0,352219194173813;0,226805250287628
"6626";0,128346428275108;0,118558273986499
"6627";0,399232894182205;0,380619048993612
"6628";0,307576835155487;0,287011187582732
"6629";0,100766316056252;0,107011929847712
"6630";0,67085337638855;0,577113084069756
"6631";0,997177600860596;1
"6632";0,193972244858742;0,285155525131855
"6633";0,30645751953125;0,236908301409066
"6634";0,465269684791565;0,437732215537255
"6635";0,933153629302979;0,840617152094218
"6636";0,467154055833817;0,458144502496897
"6637";0,204977497458458;0,193609510888615
"6638";0,438493192195892;0,426804425548761
"6639";0,289115250110626;0,19897031352448
"6640";0,280750691890717;0,272784442126012
"6641";0,293383717536926;0,255052556484303
"6642";0,311178952455521;0,457319763629841
"6643";0,245366469025612;0,280207091929518
"6644";0,833871841430664;0,899998350522266
"6645";0,184242904186249;0,229691836322324
"6646";0,453160554170609;0,488453655861213
"6647";0,279621362686157;0,313196646611767
"6648";0,533322095870972;0,446185788924582
"6649";0,326522946357727;0,365155195236308
"6650";0,283021688461304;0,261444282703989
"6651";0,415570735931396;0,48577325454328
"6652";0,414689123630524;0,460412534381302
"6653";0,338526606559753;0,376289169941567
"6654";0,350370913743973;0,381443787860669
"6655";0,159742742776871;0,262887575721337
"6656";0,544730663299561;0,414227157826153
"6657";0,230112865567207;0,24371239706228
"6658";0,151175573468208;0,061857476876384
"6659";0,205832660198212;0,176908548830726
"6660";0,849418699741364;1
"6661";0,563540995121002;0,381443787860669
"6662";0,706970155239105;0,604948020832904
"6663";0,357029885053635;0,32556772961761
"6664";0,437067329883575;0,63525717419722
"6665";0,412995368242264;0,360619131467499
"6666";0,84485787153244;0,726597003723696
"6667";0,507102847099304;0,483299037942112
"6668";0,395477712154388;0,457732133063369
"6669";0,291886270046234;0,256495849501652
"6670";0,820689618587494;0,741236118613944
"6671";0,522088825702667;0,513608191306428
"6672";0,152665823698044;0,632782957596051
"6673";0,314861059188843;0,343711984692847
"6674";0,507279336452484;0,588865612925307
"6675";0,585086047649384;0,553195656925126
"6676";0,277169287204742;0,284330786264799
"6677";0,16842694580555;0,317114156230284
"6678";0,258018136024475;0,244949505362864
"6679";0,118722088634968;0,140207669246725
"6680";0,110374994575977;0,0756718528995757
"6681";0,143170207738876;0,155052968853737
"6682";0,997503697872162;1
"6683";0,980530500411987;1
"6684";0,4521823823452;0,405567399722063
"6685";0,360095024108887;0,307629659259137
"6686";0,364402532577515;0,27319681155954
"6687";0,430893808603287;0,764328806891518
"6688";0,471992880105972;0,404742660855007
"6689";0,394688546657562;0,149485981501107
"6690";0,995687305927277;1
"6691";0,674374103546143;0,862472732071208
"6692";0,649470686912537;0,69628785035938
"6693";0,555836617946625;0,522061764693754
"6694";0,955402195453644;1
"6695";0,407105833292007;0,473608356254201
"6696";0,490903317928314;0,492783534913258
"6697";0,356364637613297;0,502474216601169
"6698";0,168351620435715;0,255877295351359
"6699";0,106989048421383;0,0915480760904079
"6700";0,214550122618675;0,287011187582732
"6701";0,364956796169281;0,574845052185352
"6702";0,824726462364197;0,736081500694842
"6703";0,337695330381393;0,353815035814285
"6704";0,771994411945343;0,91752405144721
"6705";0,0685837492346764;0,0608265532925637
"6706";0,558490514755249;0,619793320439916
"6707";0,246940493583679;0,215258906148841
"6708";0,18019138276577;0,117733535119443
"6709";0,110341146588326;0,104537713246543
"6710";0,777420580387115;0,873194337342939
"6711";0,576863050460815;0,511958713572315
"6712";0,21698659658432;0,25690821893518
"6713";0,506705820560455;0,488247471144449
"6714";0,574815630912781;0,535051401849889
"6715";0,422505915164948;0,315464678496171
"6716";0,434983551502228;0,568247141248902
"6717";0,711969554424286;0,46391767456629
"6718";0,562668085098267;0,605154205549668
"6719";0,172133311629295;0,309279136993249
"6720";0,507532894611359;0,533195739399013
"6721";0,232347220182419;0,178145657131311
"6722";0,43556421995163;0,543092605803687
"6723";0,789279520511627;0,624535568925489
"6724";0,133633956313133;0,121238675304432
"6725";0,153395846486092;0,125980923790005
"6726";0,450955539941788;0,545154452971328
"6727";0,797191083431244;0,8183492026837
"6728";0,0994711071252823;0,0705172349804743
"6729";0,722853720188141;0,711133149966392
"6730";0,133036106824875;0,0839192415701379
"6731";0,216464906930923;0,215465090865605
"6732";0,542981028556824;0,674844639815918
"6733";0,258621990680695;0,214021797848256
"6734";0,324973344802856;0,232578422357021
"6735";0,546258211135864;0,656700384740681
"6736";0,81978052854538;1
"6737";0,370334923267365;0,377320093525388
"6738";0,225165024399757;0,207423886911807
"6739";0,455234885215759;0,347217124877836
"6740";0,287088185548782;0,184537383350996
"6741";0,351002186536789;0,478556789456538
"6742";0,222974300384521;0,210310472946503
"6743";0,0957932397723198;0,136702529061736
"6744";0,466596484184265;0,444742495907233
"6745";0,330562233924866;0,349278972045476
"6746";0,215967118740082;0,300413194172395
"6747";0,714521288871765;0,5762883452027
"6748";0,475474268198013;0,337938812623453
"6749";0,352532476186752;0,527010197896091
"6750";0,318702429533005;0,405361215005299
"6751";0,682586073875427;0,702267207145538
"6752";0,543855786323547;0,61443251780405
"6753";0,263439029455185;0,26556797703927
"6754";0,133038192987442;0,192372402588031
"6755";0,629707515239716;0,471752693803325
"6756";0,256712704896927;0,164949835258411
"6757";0,148159459233284;0,155671523004029
"6758";0,394198447465897;0,302475041340036
"6759";0,213752061128616;0,181032243166008
"6760";0,226342275738716;0,180619873732479
"6761";0,238092303276062;0,260619543836933
"6762";0,348187863826752;0,367835596554241
"6763";0,97431606054306;1
"6764";0,276590049266815;0,381443787860669
"6765";0,537712693214417;0,427629164415817
"6766";0,421635538339615;0,348041863744892
"6767";0,21942937374115;0,181444612599536
"6768";0,606389939785004;0,576700714636228
"6769";0,738190054893494;0,600618141780859
"6770";0,270102620124817;0,274021550426596
"6771";0,353114783763885;0,384948928045658
"6772";0,334087789058685;0,307423474542373
"6773";0,302221029996872;0,270928779675135
"6774";0,716114640235901;0,636081913064276
"6775";0,343823850154877;0,34288724582579
"6776";0,419826686382294;0,343711984692847
"6777";0,293579399585724;0,270104040808079
"6778";0,645369470119476;0,682885843769716
"6779";0,121076382696629;0,202681638426233
"6780";0,476273268461227;0,493195904346786
"6781";0,486492335796356;0,441649725155773
"6782";0,350376337766647;0,317526525663812
"6783";0,378118067979813;0,357732545432802
"6784";0,450447082519531;0,355670698265162
"6785";0,891635239124298;0,971956816672921
"6786";0,557758271694183;0,552783287491598
"6787";0,483011484146118;0,463711489849526
"6788";0,116395056247711;0,0925789996742281
"6789";0,149268582463264;0,100001649477734
"6790";0,332198143005371;0,149485981501107
"6791";0,229136407375336;0,32762957678525
"6792";0,112792640924454;0,0835068721366097
"6793";0,350867956876755;0,541855497503103
"6794";0,322859793901443;0,336495519606105
"6795";0,314493447542191;0,289897773617428
"6796";0,489635288715363;0,412371495375277
"6797";0,8707634806633;1
"6798";0,932548344135284;1
"6799";0,249582156538963;0,170516822611041
"6800";0,103087857365608;0,113609840784162
"6801";0,223605543375015;0,230104205755853
"6802";0,479277938604355;0,435051814219323
"6803";0,239182874560356;0,438556954404312
"6804";0,122984781861305;0,103919159096251
"6805";0,428322017192841;0,34185632224197
"6806";0,584698617458344;0,625154123075781
"6807";0,77116334438324;0,704741423746706
"6808";0,969992339611053;1
"6809";0,327072739601135;0,393608686149748
"6810";0,65334552526474;0,616906734405219
"6811";0,381238788366318;0,311547168877654
"6812";0,297075271606445;0,398557119352085
"6813";0,350983709096909;0,360619131467499
"6814";0,453645795583725;0,271753518542192
"6815";0,447612017393112;0,388454068230646
"6816";0,383621662855148;0,271134964391899
"6817";0,246237188577652;0,235465008391718
"6818";0,304938703775406;0,239794887443763
"6819";0,205195546150208;0,215671275582369
"6820";0,423531025648117;0,487628916994157
"6821";0,511295437812805;0,546391561271912
"6822";0,297233015298843;0,271959703258956
"6823";0,70039826631546;1
"6824";0,345692843198776;0,357526360716038
"6825";0,700677931308746;0,53608232543371
"6826";0,723833978176117;0,876080923377636
"6827";0,354293972253799;0,353196481663993
"6828";0,223962366580963;0,329897608669655
"6829";0,783378779888153;1
"6830";0,327869921922684;0,33525841130552
"6831";0,288391649723053;0,329691423952891
"6832";0,327134668827057;0,413608603675861
"6833";0,367578059434891;0,351547003929881
"6834";0,104955837130547;0,121032490587668
"6835";0,354196012020111;0,394433425016804
"6836";0,458166509866714;0,415876635560266
"6837";0,226442754268646;0,0876305664718908
"6838";0,372406005859375;0,389072622380939
"6839";0,19777275621891;0,198764128807716
"6840";0,129789143800735;0,113816025500926
"6841";0,264729827642441;0,295464760970058
"6842";0,487470269203186;0,467422814751279
"6843";0,998491406440735;1
"6844";0,262275248765945;0,191547663720974
"6845";0,970827400684357;0,939173446707436
"6846";0,162900596857071;0,157527185454905
"6847";0,23316478729248;0,174434332229558
"6848";0,472758948802948;0,37340258390687
"6849";0,238045677542686;0,241238180461112
"6850";0,598636567592621;0,695669296209088
"6851";0,442500740289688;0,442268279306065
"6852";0,858529925346375;0,788658603469676
"6853";0,469406962394714;0,482886668508583
"6854";0,241832301020622;0,20453730087711
"6855";0,216561570763588;0,355670698265162
"6856";0,395416855812073;0,391959208415635
"6857";0,641127288341522;0,742267042197764
"6858";0,399929374456406;0,301031748322687
"6859";0,760003983974457;0,699999175261133
"6860";0,207797110080719;0,254640187050775
"6861";0,108372524380684;0,0849501651539581
"6862";0,205417662858963;0,211547581247088
"6863";0,631570339202881;0,759380373689181
"6864";0,16748771071434;0,170104453177513
"6865";0,402038067579269;0,303299780207092
"6866";0,868825018405914;1
"6867";0,336528837680817;0,303093595490328
"6868";0,793009519577026;0,800823501758756
"6869";0,511683106422424;0,452165145710739
"6870";0,783964335918427;1
"6871";0,353916823863983;0,259382435536348
"6872";0,485961437225342;0,481855744924763
"6873";0,57783830165863;0,656288015307153
"6874";0,305057674646378;0,282062754380394
"6875";0,229020461440086;0,263712314588393
"6876";0,119993098080158;0,125362369639713
"6877";0,513570070266724;0,33979447507433
"6878";0,254901915788651;0,272578257409248
"6879";0,832229614257812;1
"6880";0,352152705192566;0,571339912000363
"6881";0,218258813023567;0,205980593894458
"6882";0,489254593849182;0,560205937295104
"6883";0,768899321556091;0,693607449041447
"6884";0,506742894649506;0,390309730681523
"6885";0,318262547254562;0,149485981501107
"6886";0,142294853925705;0,142269516414365
"6887";0,321596562862396;0,304124519074148
"6888";0,818511784076691;0,961853765551482
"6889";0,990074276924133;0,847421247747432
"6890";0,420362800359726;0,512783452439371
"6891";0,175630554556847;0,19897031352448
"6892";0,633464157581329;0,765772099908866
"6893";0,428364157676697;0,455051731745436
"6894";0,141433969140053;0,103919159096251
"6895";0,992593288421631;1
"6896";0,130166158080101;0,116908796252387
"6897";0,357854008674622;0,345980016577251
"6898";0,283275455236435;0,252578339883134
"6899";0,200356990098953;0,257320588368708
"6900";0,128696203231812;0,12062012115414
"6901";0,223879501223564;0,144331363582006
"6902";0,314209580421448;0,287011187582732
"6903";0,652908682823181;0,563092523329801
"6904";0,217485755681992;0,270310225524843
"6905";0,183061614632607;0,230310390472617
"6906";0,233539968729019;0,322887328299677
"6907";0,393573343753815;0,407835431606468
"6908";0,223664984107018;0,371546921455994
"6909";0,308605313301086;0,258351511952528
"6910";0,20638881623745;0,156290077154321
"6911";0,226411685347557;0,137733452645556
"6912";0,342982202768326;0,267217454773382
"6913";0,626825451850891;0,528041121479911
"6914";0,381184458732605;0,290722512484485
"6915";0,183868378400803;0,206805332761514
"6916";0,487207233905792;0,594638784994701
"6917";0,109447702765465;0,099589280044206
"6918";0,61076432466507;0,533608108832541
"6919";0,120287612080574;0,108661407581824
"6920";0,257994592189789;0,272578257409248
"6921";0,239826366305351;0,168042606009872
"6922";0,514823496341705;0,525773089595507
"6923";0,298035770654678;0,386186036346242
"6924";0,142707139253616;0,167217867142816
"6925";0,918035805225372;0,880616987146445
"6926";0,389229089021683;0,454639362311908
"6927";0,339659571647644;0,321031665848801
"6928";0,51497095823288;0,556288427676587
"6929";0,156053394079208;0,171547746194861
"6930";0,288202613592148;0,245155690079629
"6931";0,345806419849396;0,254021632900483
"6932";0,144561544060707;0,161650879790186
"6933";0,996731042861938;1
"6934";0,846875131130219;0,927008548418357
"6935";0,800459027290344;0,665153958128008
"6936";0,90094119310379;0,832988317573948
"6937";0,39720293879509;0,368660335421297
"6938";0,580174446105957;0,628246893827242
"6939";0,292825013399124;0,392577762565928
"6940";0,603734254837036;0,812576030614307
"6941";0,210742205381393;0,19134147900421
"6942";0,16301728785038;0,128867509824702
"6943";0,261148065328598;0,227629989154684
"6944";0,325189173221588;0,501237108300584
"6945";0,621555626392365;0,659586970775378
"6946";0,430711150169373;0,444123941756941
"6947";0,257848650217056;0,21216613539738
"6948";0,157034635543823;0,145156102449062
"6949";0,387018501758575;0,361443870334555
"6950";0,293231904506683;0,214640351998548
"6951";0,47055983543396;0,540206019768991
"6952";0,263868272304535;0,207836256345335
"6953";0,301344156265259;0,402268444253838
"6954";0,692980706691742;0,618143842705803
"6955";0,401553839445114;0,275877212877473
"6956";0,582020819187164;0,312784277178238
"6957";0,512157082557678;0,972781555539977
"6958";0,435567378997803;0,45319606929456
"6959";0,252569526433945;0,251135046865786
"6960";0,737634062767029;0,99071962589845
"6961";0,172012194991112;0,169279714310456
"6962";0,230078652501106;0,18268172090012
"6963";0,280948311090469;0,309485321710014
"6964";0,653572380542755;0,664947773411244
"6965";0,186507895588875;0,149485981501107
"6966";0,132081851363182;0,103506789662723
"6967";0,225996866822243;0,173197223928973
"6968";0,302021652460098;0,278351429478641
"6969";0,37802442908287;0,358763469016623
"6970";0,204636350274086;0,209279549362683
"6971";0,139835715293884;0,145362287165826
"6972";0,418671369552612;0,45319606929456
"6973";0,305897057056427;0,283093677964215
"6974";0,761311650276184;0,817112094383116
"6975";0,302184820175171;0,350722265062825
"6976";0,925573706626892;0,896905579770805
"6977";0,299789518117905;0,2894854041839
"6978";0,085868626832962;0,107630483998004
"6979";0,713003933429718;0,508247388670562
"6980";0,208014860749245;0,291753436068305
"6981";0,477117419242859;0,566185294081262
"6982";0,538829028606415;0,528659675630204
"6983";0,302236795425415;0,272990626842776
"6984";0,663791418075562;0,577937822936813
"6985";0,335582047700882;0,690720863006751
"6986";0,738986909389496;0,791339004787609
"6987";0,752911150455475;0,807627597411969
"6988";0,114753879606724;0,0894862289227673
"6989";0,749283611774445;0,812988400047835
"6990";0,271366626024246;0,265980346472798
"6991";0,499163150787354;0,444123941756941
"6992";0,456127882003784;0,320825481132037
"6993";0,342804282903671;0,348248048461656
"6994";0,423439294099808;0,466804260600987
"6995";0,165651768445969;0,163094172807535
"6996";0,951113343238831;1
"6997";0,269760370254517;0,208454810495627
"6998";0,752728521823883;0,93175079690393
"6999";0,309937566518784;0,344742908276667
"7000";0,342502146959305;0,286186448715675
"7001";0,154508769512177;0,201032160692121
"7002";0,11407558619976;0,123300522472072
"7003";0,19331231713295;0,183094090333648
"7004";0,987945079803467;1
"7005";0,644383549690247;0,558350274844228
"7006";0,567782759666443;1
"7007";0,209451839327812;0,226805250287628
"7008";0,352257162332535;0,346392386010779
"7009";0,105655454099178;0,109073777015353
"7010";0,171445935964584;0,160413771489602
"7011";0,118614219129086;0,114434579651218
"7012";0,154190897941589;0,108249038148296
"7013";0,516736567020416;1
"7014";0,338541775941849;0,318351264530868
"7015";0,910409808158875;1
"7016";0,271589279174805;0,282475123813922
"7017";0,656537652015686;1
"7018";0,891292333602905;0,724328971839291
"7019";0,257222175598145;0,401031335953254
"7020";0,158119052648544;0,148455057917287
"7021";0,15989463031292;0,167011682426052
"7022";0,285910606384277;0,251959785732842
"7023";0,208809703588486;0,225774326703807
"7024";0,332472085952759;0,343918169409611
"7025";0,303058207035065;0,514845299607012
"7026";0,576805651187897;0,421649807629659
"7027";0,0925435200333595;0,0736100057319351
"7028";0,272232443094254;0,271341149108663
"7029";0,648844540119171;0,763297883307698
"7030";0,21282984316349;0,226805250287628
"7031";0,420574605464935;0,434639444785795
"7032";0,214373871684074;0,201238345408885
"7033";0,340462148189545;0,345361462426959
"7034";0,408601313829422;0,660617894359198
"7035";0,382397502660751;0,372990214473342
"7036";0,274800807237625;0,299588455305339
"7037";0,185599759221077;0,155259153570501
"7038";0,820167660713196;1
"7039";0,183647513389587;0,155877707720793
"7040";0,401213794946671;0,335052226588756
"7041";0,126769870519638;0,158558109038726
"7042";0,608243942260742;0,378144832392444
"7043";0,496482908725739;0,510309235838203
"7044";0,742165327072144;0,925359070684245
"7045";0,341693192720413;0,326392468484666
"7046";0,144898161292076;0,159589032622546
"7047";0,883340775966644;0,715875398451965
"7048";0,231525391340256;0,20556822446093
"7049";0,23784801363945;0,286186448715675
"7050";0,639020621776581;0,547628669572497
"7051";0,241860970854759;0,18268172090012
"7052";0,417562186717987;0,630514925711647
"7053";0,522786200046539;0,523505057711102
"7054";0,319186449050903;0,270104040808079
"7055";0,291543126106262;0,335670780739048
"7056";0,696211040019989;0,826390406637498
"7057";0,419457405805588;0,418557036878198
"7058";0,811662316322327;1
"7059";0,374576658010483;0,346598570727543
"7060";0,147952988743782;0,0979398023100936
"7061";0,600430607795715;0,491546426612674
"7062";0,699469149112701;0,667628174729176
"7063";0,32531276345253;0,336701704322869
"7064";0,359532684087753;0,346186201294015
"7065";0,132925435900688;0,131135541709106
"7066";0,213416874408722;0,270104040808079
"7067";0,255575925111771;0,247836091397561
"7068";0,364805519580841;0,532164815815192
"7069";0,594621598720551;0,752576278035967
"7070";0,698605716228485;0,873812891493231
"7071";0,157101169228554;0,193815695605379
"7072";0,191135793924332;0,195258988622727
"7073";0,509610176086426;0,502061847167641
"7074";0,487762987613678;0,865359318105905
"7075";0,227410942316055;0,214021797848256
"7076";0,47223699092865;0,459587795514245
"7077";0,207537084817886;0,172372485061917
"7078";0,695868313312531;0,486185623976808
"7079";0,339725464582443;0,301856487189744
"7080";0,293986201286316;0,329072869802599
"7081";0,14287443459034;0,129692248691758
"7082";0,13054721057415;0,102063496645375
"7083";0,105697281658649;0,134846866610859
"7084";0,509942650794983;0,668865283029761
"7085";0,290810495615005;0,28845448060008
"7086";0,424542814493179;0,434639444785795
"7087";0,714161157608032;0,710102226382572
"7088";0,126757457852364;0,0847439804371941
"7089";0,510223031044006;0,389691176531231
"7090";0,475791096687317;0,470103216069212
"7091";0,47489133477211;0,781442138382935
"7092";0,125904187560081;0,149485981501107
"7093";0,278307646512985;0,264124684021922
"7094";0,445120692253113;0,515463853757304
"7095";0,600127458572388;0,656700384740681
"7096";0,12791596353054;0,11608405738533
"7097";0,997890114784241;1
"7098";0,341129451990128;0,341237768091678
"7099";0,213728502392769;0,192166217871267
"7100";0,254384577274323;0,252990709316663
"7101";0,210636496543884;0,254640187050775
"7102";0,167686060070992;0,147011764899939
"7103";0,145430535078049;0,161238510356658
"7104";0,327761083841324;0,304330703790912
"7105";0,0937055349349976;0,0985583564603857
"7106";0,245029956102371;0,21876404633383
"7107";0,226399481296539;0,364949010519544
"7108";0,126487776637077;0,0849501651539581
"7109";0,562829971313477;0,560412122011868
"7110";0,365819007158279;0,0969088787262733
"7111";0,481028974056244;0,406392138589119
"7112";0,383082985877991;0,457319763629841
"7113";0,255374580621719;0,248042276114325
"7114";0,770627856254578;0,587628504624723
"7115";0,443110406398773;0,752576278035967
"7116";0,728230237960815;0,805771934961093
"7117";0,515078127384186;0,538762726751642
"7118";0,264938056468964;0,278351429478641
"7119";0,14045387506485;0,122888153038544
"7120";0,363170772790909;0,307835843975901
"7121";0,777927339076996;0,712370258266976
"7122";0,27149099111557;0,317526525663812
"7123";0,398486435413361;0,36474282580278
"7124";0,441635280847549;0,416289004993794
"7125";0,577923476696014;0,499587630566472
"7126";0,346100211143494;0,682885843769716
"7127";0,876240611076355;1
"7128";0,885910630226135;0,871957229042355
"7129";0,237116485834122;0,247011352530505
"7130";0,270957618951797;0,328248130935543
"7131";0,482385545969009;0,385979851629478
"7132";0,993488252162933;1
"7133";0,780143022537231;0,508865942820854
"7134";0,544065773487091;0,817112094383116
"7135";0,238029673695564;0,215052721432077
"7136";0,237222939729691;0,202269268992705
"7137";0,905509352684021;0,629484002127826
"7138";0,621756136417389;0,465567152300403
"7139";0,311072766780853;0,407835431606468
"7140";0,609538018703461;0,532164815815192
"7141";0,489471703767776;0,419175591028491
"7142";0,463552623987198;0,457525948346605
"7143";0,556782901287079;0,472783617387145
"7144";0,344512790441513;0,288248295883316
"7145";0,906945705413818;1
"7146";0,691271662712097;0,858555222452691
"7147";0,532961249351501;0,507422649803506
"7148";0,335891306400299;0,349691341479004
"7149";0,258098572492599;0,282062754380394
"7150";0,274903267621994;0,278351429478641
"7151";0,25112372636795;0,311134799444126
"7152";0,214296624064445;0,161444695073422
"7153";0,639150142669678;0,509484496971147
"7154";0,383258908987045;0,364330456369252
"7155";0,454468280076981;0,443711572323413
"7156";0,168063551187515;0,228660912738504
"7157";0,457631379365921;0,518762809225529
"7158";0,701615452766418;0,703091946012594
"7159";0,436122089624405;0,507835019237034
"7160";0,754392564296722;0,846390324163612
"7161";0,323476523160934;0,390103545964759
"7162";0,272120773792267;0,365979934103365
"7163";0,107248224318027;0,133815943027039
"7164";0,588965833187103;0,546391561271912
"7165";0,292263001203537;0,258351511952528
"7166";0,657178282737732;0,882266464880557
"7167";0,440910369157791;0,453814623444852
"7168";0,896278917789459;0,842678999261859
"7169";0,327084600925446;0,390103545964759
"7170";0,451626092195511;0,42474257838112
"7171";0,667844772338867;0,74865876841745
"7172";0,342697501182556;0,497319598682067
"7173";0,314454793930054;0,348660417895184
"7174";0,519422769546509;1
"7175";0,266949027776718;0,267217454773382
"7176";0,390908658504486;0,368247965987769
"7177";0,476656377315521;0,525979274312271
"7178";0,525290489196777;0,595669708578521
"7179";0,335201114416122;0,118558273986499
"7180";0,765354752540588;0,752576278035967
"7181";0,425584375858307;0,380412864276848
"7182";0,339308857917786;0,312784277178238
"7183";0,556683123111725;0,488453655861213
"7184";0,3349829018116;0,234227900091134
"7185";0,122224852442741;0,106805745130948
"7186";0,254930794239044;0,359382023166915
"7187";0,194871634244919;0,170723007327805
"7188";0,264767408370972;0,394433425016804
"7189";0,599868834018707;0,490927872462382
"7190";0,411422938108444;0,415876635560266
"7191";0,182814508676529;0,181444612599536
"7192";0,736137330532074;0,761236036140057
"7193";0,417701125144958;0,310722430010598
"7194";0,260244131088257;0,245155690079629
"7195";0,160432115197182;0,199588867674772
"7196";0,25806725025177;0,335670780739048
"7197";0,295642226934433;0,26000098968664
"7198";0,14224137365818;0,120207751720611
"7199";0,455382376909256;0,495463936231191
"7200";0,356629461050034;0,398350934635321
"7201";0,254367858171463;0,256083480068123
"7202";0,252958863973618;0,244124766495808
"7203";0,179653286933899;0,135465420761152
"7204";0,38822078704834;0,368041781271005
"7205";0,215327695012093;0,202887823142997
"7206";0,266265690326691;0,229898021039088
"7207";0,124554522335529;0,121857229454724
"7208";0,189828976988792;0,252578339883134
"7209";0,452036619186401;0,389897361247995
"7210";0,505387008190155;0,511133974705259
"7211";0,689385652542114;1
"7212";0,107849664986134;0,186186861085109
"7213";0,187920868396759;0,295258576253294
"7214";0,779173851013184;1
"7215";0,192717030644417;0,15319730640286
"7216";0,322955280542374;0,289691588900664
"7217";0,198419407010078;0,189073447119806
"7218";0,316698640584946;0,428041533849345
"7219";0,522532641887665;0,561855415029216
"7220";0,769415974617004;0,896905579770805
"7221";0,21324211359024;0,202887823142997
"7222";0,513818085193634;0,909482847493412
"7223";0,504017055034637;0,492989719630022
"7224";0,779941618442535;1
"7225";0,257602155208588;1
"7226";0,385937601327896;0,429072457433165
"7227";0,104022018611431;0,106805745130948
"7228";0,261922478675842;0,437526030820491
"7229";0,625055968761444;0,499175261132944
"7230";0,536712467670441;0,726597003723696
"7231";0,222958028316498;0,184331198634232
"7232";0,252315402030945;0,320825481132037
"7233";0,350860893726349;0,303505964923856
"7234";0,759431481361389;0,829070807955431
"7235";0,745721817016602;0,690720863006751
"7236";0,332953453063965;0,260413359120169
"7237";0,586280286312103;0,528041121479911
"7238";0,680586099624634;0,628865447977534
"7239";0,549518883228302;0,546185376555148
"7240";0,557003378868103;0,682885843769716
"7241";0,337465316057205;0,285155525131855
"7242";0,126946434378624;0,127630401524117
"7243";0,53279435634613;0,578350192370341
"7244";0,234421283006668;0,192372402588031
"7245";0,593549370765686;0,793813221388778
"7246";0,33593875169754;0,27216588797572
"7247";0,351498335599899;0,679174518867963
"7248";0,721390902996063;1
"7249";0,882063984870911;1
"7250";0,870059251785278;0,845359400579791
"7251";0,383452445268631;0,278969983628933
"7252";0,235288262367249;0,152372567535804
"7253";0,0993298143148422;0,0781460695007443
"7254";0,922884106636047;0,792369928371429
"7255";0,206237107515335;0,154640599420209
"7256";0,513165175914764;0,529278229780496
"7257";0,25719940662384;0,221650632368526
"7258";0,992794990539551;1
"7259";0,203712403774261;0,211547581247088
"7260";0,12838014960289;0,08453779572043
"7261";0,166174918413162;0,084331611003666
"7262";0,187476441264153;0,15876429375549
"7263";0,339480668306351;0,378144832392444
"7264";0,257197201251984;0,263093760438101
"7265";0,118342451751232;0,131754095859399
"7266";0,272724628448486;0,325361544900846
"7267";0,12264122068882;0,0969088787262733
"7268";0,445892602205276;0,495670120947955
"7269";0,11465959995985;0,155259153570501
"7270";0,519883155822754;0,709277487515515
"7271";0,460878610610962;0,444948680623997
"7272";0,439688742160797;0,429897196300221
"7273";0,424327164888382;0,47051558550274
"7274";0,52145928144455;0,52185557997699
"7275";0,454903811216354;0,432989967051682
"7276";0,771727859973907;0,761648405573585
"7277";0,477872550487518;0,466804260600987
"7278";0,219612941145897;0,194228065038907
"7279";0,205693021416664;0,137321083212028
"7280";0,916575133800507;0,937730153690088
"7281";0,593294739723206;0,575051236902116
"7282";0,513575911521912;0,484536146242696
"7283";0,388745844364166;0,402474628970602
"7284";0,584870636463165;0,549896701456901
"7285";0,563229322433472;0,535257586566653
"7286";0,494437575340271;0,597319186312634
"7287";0,241625234484673;0,16948589902722
"7288";0,312214463949203;0,276701951744529
"7289";0,894795835018158;1
"7290";0,269470423460007;0,298557531721519
"7291";0,19212344288826;0,310103875860306
"7292";0,375452071428299;0,531752446381664
"7293";0,168832585215569;0,214021797848256
"7294";0,0875644087791443;0,0717543432810586
"7295";0,299772083759308;0,270722594958371
"7296";0,948624134063721;1
"7297";0,276765257120132;0,364330456369252
"7298";0,420766592025757;0,591958383676768
"7299";0,48994055390358;1
"7300";0,233711570501328;0,155259153570501
"7301";0,307845205068588;0,366392303536893
"7302";0,540161550045013;0,750102061434798
"7303";0,282506823539734;0,232166052923493
"7304";0,517099022865295;0,717731060902842
"7305";0,97701096534729;1
"7306";0,276574969291687;0,28742355701626
"7307";0,238958209753036;0,150929274518456
"7308";0,998021841049194;1
"7309";0,707532405853271;0,712782627700504
"7310";0,351042926311493;0,252578339883134
"7311";0,402609884738922;0,639174683815737
"7312";0,506258368492126;0,365361379953072
"7313";0,162086457014084;0,117321165685915
"7314";0,114192694425583;0,169279714310456
"7315";0,517157256603241;0,252578339883134
"7316";0,306111514568329;0,208660995212391
"7317";0,318216413259506;0,300825563605923
"7318";0,626190781593323;0,845359400579791
"7319";0,88313752412796;0,729689774475157
"7320";0,237511321902275;0,261238097987225
"7321";0,317395687103271;0,292990544368889
"7322";0,494478583335876;0,382062342010961
"7323";0,484616845846176;0,402680813687366
"7324";0,651138842105865;0,805978119677857
"7325";0,301827281713486;0,299588455305339
"7326";0,408168256282806;1
"7327";0,192306026816368;0,172372485061917
"7328";0,375637352466583;0,283299862680979
"7329";0,230649307370186;0,249897938565202
"7330";0,423655956983566;0,442474464022829
"7331";0,890566349029541;1
"7332";0,178950071334839;0,16185706450695
"7333";0,0718904584646225;0,0674244642290135
"7334";0,328196406364441;0,379588125409792
"7335";0,406695693731308;0,40845398575676
"7336";0,288192451000214;0,445979604207818
"7337";0,324862480163574;0,289073034750372
"7338";0,3695427775383;0,205362039744166
"7339";0,447214007377625;0,583710995006206
"7340";0,211064383387566;0,196702281640076
"7341";0,681166052818298;0,751545354452147
"7342";0,505871474742889;0,497525783398831
"7343";0,453525245189667;0,548247223722789
"7344";0,106426931917667;0,143712809431714
"7345";0,447802096605301;0,495670120947955
"7346";0,562853276729584;0,55999975257834
"7347";0,768677592277527;0,782679246683519
"7348";0,29402557015419;0,293402913802417
"7349";0,150701060891151;0,125980923790005
"7350";0,396306335926056;0,353815035814285
"7351";0,365724205970764;0,503505140184989
"7352";0,205951079726219;0,355670698265162
"7353";0,882918953895569;0,780411214799114
"7354";0,147349283099174;0,148248873200523
"7355";0,51723974943161;0,407629246889704
"7356";0,568532705307007;0,698762066960549
"7357";0,361258238554001;0,303918334357384
"7358";0,304200798273087;0,226805250287628
"7359";0,338327825069427;0,347629494311364
"7360";0,167762413620949;0,143094255281422
"7361";0,0747749209403992;0,151547828668748
"7362";0,43333700299263;0,358351099583095
"7363";0,235244154930115;0,232372237640257
"7364";0,278203457593918;0,285361709848619
"7365";0,342808365821838;0,343093430542554
"7366";0,363631457090378;0,32762957678525
"7367";0,155020490288734;0,13897056094614
"7368";0,547137439250946;0,537731803167822
"7369";0,912991881370544;0,955668224048561
"7370";0,157941982150078;0,125568554356477
"7371";0,247279196977615;0,180001319582187
"7372";0,133375033736229;0,136290159628208
"7373";0,125993847846985;0,136083974911444
"7374";0,109560325741768;0,113403656067398
"7375";0,218848988413811;0,160619956206366
"7376";0,245267763733864;0,220413524067942
"7377";0,310948610305786;0,216702199166189
"7378";0,393169641494751;0,443299202889885
"7379";0,435176581144333;0,374639692207455
"7380";0,498596459627151;0,56969043426625
"7381";0,22275099158287;0,288866850033608
"7382";0,257252991199493;0,264330868738686
"7383";0,218477740883827;0,188248708252749
"7384";0,328951060771942;0,310722430010598
"7385";0,177294552326202;0,172166300345153
"7386";0,31674137711525;0,289691588900664
"7387";0,774458110332489;1
"7388";0,615546345710754;0,645154040601894
"7389";0,343330562114716;0,339588290357566
"7390";0,395550698041916;0,377113908808623
"7391";0,0827156826853752;0,13897056094614
"7392";0,414268583059311;0,416701374427322
"7393";0,534365117549896;0,561855415029216
"7394";0,801661372184753;0,725153710706348
"7395";0,331533312797546;0,0954655857089249
"7396";0,284759223461151;0,283712232114507
"7397";0,480759590864182;0,380206679560084
"7398";0,541850328445435;0,460000164947773
"7399";0,497644066810608;0,647009703052771
"7400";0,270272821187973;0,223506294819403
"7401";0,384946584701538;0,371753106172758
"7402";0,954999327659607;1
"7403";0,175089821219444;0,240619626310819
"7404";0,607058048248291;0,551958548624542
"7405";0,485420197248459;0,465154782866875
"7406";0,883085608482361;0,898348872788153
"7407";0,402097016572952;0,383299450311545
"7408";0,287243098020554;0,298969901155047
"7409";0,35590735077858;0,361856239768083
"7410";0,298163056373596;0,282268939097158
"7411";0,23599947988987;0,175259071096614
"7412";0,24611896276474;0,301237933039451
"7413";0,255954951047897;0,233815530657606
"7414";0,306246042251587;0,471752693803325
"7415";0,247459501028061;0,230928944622909
"7416";0,483207821846008;0,471340324369796
"7417";0,371320396661758;0,407216877456175
"7418";0,253459006547928;0,284949340415091
"7419";0,395507365465164;0,269691671374551
"7420";0,790641725063324;1
"7421";0,439657717943192;0,353608851097521
"7422";0,869335353374481;0,721648570521359
"7423";0,165698617696762;0,104743897963307
"7424";0,15963588654995;0,151547828668748
"7425";0,636853694915771;0,439794062704896
"7426";0,204074025154114;0,188661077686278
"7427";0,359812051057816;0,603298543098791
"7428";0,335788130760193;0,318763633964396
"7429";0,0955836698412895;0,0960841398592171
"7430";0,94825953245163;1
"7431";0,193502604961395;0,163918911674591
"7432";0,120768450200558;0,105156267396835
"7433";0,665065348148346;0,591958383676768
"7434";0,199206426739693;0,147424134333467
"7435";0,180234298110008;0,154846784136973
"7436";0,933670580387115;1
"7437";0,296106934547424;0,263712314588393
"7438";0,893912672996521;0,660824079075963
"7439";0,429498761892319;0,432989967051682
"7440";0,273901075124741;0,320825481132037
"7441";0,665328025817871;0,690720863006751
"7442";0,11928690969944;0,130723172275578
"7443";0,347162127494812;0,434845629502559
"7444";0,235540166497231;0,157114816021377
"7445";0,333798468112946;0,274021550426596
"7446";0,337819695472717;0,35505214411487
"7447";0,21980644762516;0,319588372831452
"7448";0,272362649440765;0,458763056647189
"7449";0,431796282529831;0,40082515123649
"7450";0,136533603072166;0,116290242102094
"7451";0,201125949621201;0,170929192044569
"7452";0,643820822238922;0,912369433528109
"7453";0,552241086959839;0,570515173133307
"7454";0,996277928352356;1
"7455";0,23937600851059;0,319382188114688
"7456";0,865006804466248;1
"7457";0,30624058842659;0,262681391004573
"7458";0,183053269982338;0,22185681708529
"7459";0,3321393430233;0,252578339883134
"7460";0,236396476626396;0,236495931975538
"7461";0,474119573831558;0,452783699861032
"7462";0,168409511446953;0,231135129339673
"7463";0,343123853206635;0,429484826866693
"7464";0,183914169669151;0,191547663720974
"7465";0,573048114776611;0,478969158890066
"7466";0,525023996829987;0,369691259005118
"7467";0,586157083511353;0,610721192902297
"7468";0,827060997486115;0,72577226485664
"7469";0,416398882865906;0,487216547560629
"7470";0,228153973817825;0,149485981501107
"7471";0,352713078260422;0,291753436068305
"7472";0,338625073432922;0,549071962589845
"7473";0,466034948825836;0,437113661386963
"7474";0,360600203275681;0,412371495375277
"7475";0,193946287035942;0,139589115096433
"7476";0,0664271637797356;0,0651564323446089
"7477";0,61936891078949;0,651339582104816
"7478";0,44541209936142;0,39525816388386
"7479";0,265467792749405;0,245774244229921
"7480";0,0974845439195633;0,138764376229376
"7481";0,357697874307632;0,419381775745255
"7482";0,96364951133728;1
"7483";0,356785714626312;0,365361379953072
"7484";0,456050366163254;0,335464596022284
"7485";0,12959548830986;0,150104535651399
"7486";0,132003918290138;0,137321083212028
"7487";0,603099703788757;0,471134139653032
"7488";0,130284562706947;0,161650879790186
"7489";0,40763133764267;0,418969406311727
"7490";0,417029649019241;0,515463853757304
"7491";0,414198458194733;0,31793889509734
"7492";0,550560653209686;0,517938070358473
"7493";0,464227765798569;0,430721935167278
"7494";0,580601930618286;0,52082465639317
"7495";0,200366377830505;0,165568389408703
"7496";0,231251463294029;0,182887905616884
"7497";0,120676837861538;0,10082638834479
"7498";0,150058805942535;0,113816025500926
"7499";0,907413721084595;1
"7500";0,451583713293076;0,379588125409792
"7501";0,208257302641869;0,175259071096614
"7502";0,205085456371307;0,484536146242696
"7503";0,966012835502625;1
"7504";0,872726917266846;0,823503820602802
"7505";0,167500540614128;0,142063331697601
"7506";0,255686610937119;0,243300027628752
"7507";0,982648253440857;1
"7508";0,41541463136673;0,40185607482031
"7509";0,146314382553101;0,140001484529961
"7510";0,18341451883316;0,368660335421297
"7511";0,102274142205715;0,1053624521136
"7512";0,319620460271835;0,369278889571589
"7513";0,317652881145477;0,316083232646463
"7514";0,661834359169006;0,788658603469676
"7515";0,452959954738617;0,376495354658331
"7516";0,315869480371475;0,27979472249599
"7517";0,931058764457703;1
"7518";0,160937651991844;0,215052721432077
"7519";0,491244733333588;0,493608273780314
"7520";0,305736899375916;0,344124354126375
"7521";0,219305753707886;0,162887988090771
"7522";0,148583278059959;0,136290159628208
"7523";0,394227355718613;0,444536311190469
"7524";0,249028861522675;0,216496014449425
"7525";0,26441353559494;0,223093925385875
"7526";0,266298681497574;0,323712067166733
"7527";0,419781029224396;0,371959290889522
"7528";0,430357396602631;0,37237166032305
"7529";0,532068431377411;0,424948763097884
"7530";0,746303617954254;0,745565997665989
"7531";0,311692476272583;0,298557531721519
"7532";0,267416566610336;0,223093925385875
"7533";0,242147788405418;0,169073529593692
"7534";0,214794099330902;0,214021797848256
"7535";0,362096428871155;0,370515997872174
"7536";0,417228132486343;0,448247636092222
"7537";0,392078697681427;0,420206514612311
"7538";0,451335370540619;0,507216465086742
"7539";0,243374183773994;0,160001402056074
"7540";0,105244338512421;0,145362287165826
"7541";0,368442863225937;0,397732380485029
"7542";0,317133128643036;0,206186778611222
"7543";0,382886588573456;0,385979851629478
"7544";0,803979635238647;0,734638207677494
"7545";0,437549918889999;0,473195986820673
"7546";0,200817063450813;0,196702281640076
"7547";0,385563403367996;0,368660335421297
"7548";0,266609966754913;0,283093677964215
"7549";0,223551571369171;0,212784689547672
"7550";0,113391488790512;0,0913418913736438
"7551";0,145585864782333;0,115671687951802
"7552";0,957507491111755;1
"7553";0,998480379581451;1
"7554";0,206401318311691;0,322474958866149
"7555";0,754720985889435;0,672576607931514
"7556";0,118625484406948;0,158558109038726
"7557";0,89698714017868;1
"7558";0,232241779565811;0,35051608034606
"7559";0,71105283498764;0,793813221388778
"7560";0,287034392356873;0,263506129871629
"7561";0,294194877147675;0,188248708252749
"7562";0,128315702080727;0,107218114564476
"7563";0,17020870745182;0,149485981501107
"7564";0,50943249464035;0,531958631098428
"7565";0,231531828641891;0,155052968853737
"7566";0,175873517990112;0,208867179929155
"7567";0,228434145450592;0,201650714842413
"7568";0,140910997986794;0,13587779019468
"7569";0,868510723114014;0,793813221388778
"7570";0,302163600921631;0,319794557548216
"7571";0,306900888681412;0,301237933039451
"7572";0,519347310066223;0,619793320439916
"7573";0,176396146416664;0,181238427882772
"7574";0,551068305969238;0,516700962057888
"7575";0,396983623504639;0,515876223190832
"7576";0,644893705844879;0,783503985550575
"7577";0,278067976236343;0,828246069088375
"7578";0,30821231007576;0,277732875328349
"7579";0,526348412036896;0,670102391330345
"7580";0,122707732021809;0,0896924136395314
"7581";0,66094034910202;0,617112919121983
"7582";0,241437956690788;0,150310720368163
"7583";0,396509766578674;0,556700797110115
"7584";0,423751980066299;0,459793980231009
"7585";0,766669690608978;1
"7586";0,338300615549088;0,301650302472979
"7587";0,326834350824356;0,289897773617428
"7588";0,20634414255619;0,20350637729329
"7589";0,403656363487244;0,34082539865815
"7590";0,965811848640442;1
"7591";0,265912681818008;0,231547498773201
"7592";0,277618795633316;0,238763963859943
"7593";0,33970695734024;0,258351511952528
"7594";0,893588006496429;1
"7595";0,403624355792999;0,342268691675498
"7596";0,439283818006516;0,349278972045476
"7597";0,346122771501541;0,304124519074148
"7598";0,378017365932465;0,44659815835811
"7599";0,421064466238022;0,337320258473161
"7600";0,998193025588989;1
"7601";0,302277445793152;0,299382270588575
"7602";0,434856534004211;0,201032160692121
"7603";0,670632421970367;0,686803353388233
"7604";0,213275626301765;0,168248790726636
"7605";0,338528096675873;0,304124519074148
"7606";0,126211181282997;0,0934037385412844
"7607";0,130180805921555;0,190104370703626
"7608";0,120200097560883;0,118145904552971
"7609";0,186508819460869;0,194640434472435
"7610";0,209423258900642;0,186599230518637
"7611";0,873568713665009;0,874843815077051
"7612";0,350752949714661;0,358969653733387
"7613";0,175772413611412;0,206392963327986
"7614";0,468278527259827;0,640617976833085
"7615";0,610257029533386;0,512989637156135
"7616";0,312670171260834;0,321856404715857
"7617";0,570220768451691;0,487422732277393
"7618";0,394016265869141;0,314433754912351
"7619";0,18878872692585;0,136290159628208
"7620";0,180901318788528;0,268454563073967
"7621";0,829996407032013;0,900410719955794
"7622";0,995097756385803;1
"7623";0,880831658840179;0,860617069620331
"7624";0,538302719593048;0,490103133595325
"7625";0,448947995901108;0,429691011583457
"7626";0,0818252861499786;0,0987645411771498
"7627";0,240990564227104;0,234227900091134
"7628";0,108032360672951;0,108661407581824
"7629";0,596785604953766;0,725359895423112
"7630";0,28798845410347;0,206186778611222
"7631";0,137005031108856;0,131547911142634
"7632";0,30181211233139;0,386392221063006
"7633";0,320734858512878;0,278351429478641
"7634";0,343619674444199;0,291959620785069
"7635";0,218148499727249;0,142681885847893
"7636";0,166055560112;0,15979521733931
"7637";0,339972466230392;0,420000329895547
"7638";0,146498695015907;0,088249120622183
"7639";0,666549682617188;0,531133892231372
"7640";0,387962818145752;0,464948598150111
"7641";0,460650563240051;0,439587877988132
"7642";0,119152463972569;0,0824759485527895
"7643";0,191918894648552;0,108249038148296
"7644";0,973120033740997;1
"7645";0,0952392145991325;0,095671770425689
"7646";0,287139028310776;0,253609263466955
"7647";0,289378643035889;0,348248048461656
"7648";0,310260415077209;0,278351429478641
"7649";0,434436589479446;0,505360802635865
"7650";0,421949654817581;0,410722017641164
"7651";0,111883357167244;0,121032490587668
"7652";0,281544864177704;0,338351182056981
"7653";0,467859297990799;0,426598240831997
"7654";0,272727757692337;0,340206844507858
"7655";0,26988485455513;0,199795052391537
"7656";0,241161912679672;0,322474958866149
"7657";0,501442313194275;0,384124189178601
"7658";0,367573171854019;0,452783699861032
"7659";0,753300428390503;0,708658933365223
"7660";0,376076191663742;0,577731638220049
"7661";0,350339114665985;0,30474307322444
"7662";0,723135530948639;0,714225920717853
"7663";0,947900772094727;0,548453408439553
"7664";0,314554631710052;0,330309978103183
"7665";0,182141706347466;0,103094420229195
"7666";0,992904663085938;1
"7667";0,161629304289818;0,178558026564839
"7668";0,6417236328125;0,911957064094581
"7669";0,505265653133392;0,602267619514971
"7670";0,87524425983429;1
"7671";0,151369348168373;0,108249038148296
"7672";0,246517404913902;0,183918829200704
"7673";0,151995852589607;0,252578339883134
"7674";0,283400863409042;0,280619461363046
"7675";0,43209707736969;0,395670533317388
"7676";0,57188355922699;0,538556542034878
"7677";0,250370234251022;0,206392963327986
"7678";0,529005110263824;0,607216052717308
"7679";0,173795804381371;0,167217867142816
"7680";0,431248724460602;0,410928202357928
"7681";0,328725874423981;0,53917509618517
"7682";0,148315459489822;0,182063166749828
"7683";0,249883249402046;0,219176415767358
"7684";0,232327148318291;0,270722594958371
"7685";0,242878332734108;0,187217784668929
"7686";0,164694160223007;0,292578174935361
"7687";0,603074848651886;0,716493952602257
"7688";0,467278122901917;0,427629164415817
"7689";0,998271346092224;1
"7690";0,332833796739578;0,330516162819947
"7691";0,312959432601929;0,338144997340217
"7692";0,322484105825424;0,25690821893518
"7693";0,963856816291809;1
"7694";0,466994196176529;0,421031253479367
"7695";0,489500403404236;0,617937657989039
"7696";0,431368738412857;0,544535898821036
"7697";0,0999606102705002;0,0777337000672162
"7698";0,207573235034943;0,209073364645919
"7699";0,512067258358002;0,392577762565928
"7700";0,693517744541168;0,836081088325409
"7701";0,227770209312439;0,259176250819584
"7702";0,261303305625916;0,339175920924037
"7703";0,493603110313416;0,451752776277211
"7704";0,359718263149261;0,572164650867419
"7705";0,564951300621033;0,529072045063732
"7706";0,292935222387314;0,228660912738504
"7707";0,496321141719818;0,594020230844409
"7708";0,357299089431763;0,533608108832541
"7709";0,380846202373505;0,340206844507858
"7710";0,548954963684082;0,558762644277756
"7711";0,144938811659813;0,113609840784162
"7712";0,420663148164749;0,258763881386056
"7713";0,978133976459503;1
"7714";0,282225549221039;0,315670863212935
"7715";0,260704845190048;0,209279549362683
"7716";0,362953543663025;0,347010940161071
"7717";0,296554177999496;0,305980181525025
"7718";0,138749063014984;0,136702529061736
"7719";0,448923319578171;0,300825563605923
"7720";0,220514193177223;0,177114733547491
"7721";0,389016658067703;0,350928449779589
"7722";0,253924697637558;0,16948589902722
"7723";0,123488306999207;0,187217784668929
"7724";0,634660065174103;0,368660335421297
"7725";0,143734976649284;0,160207586772838
"7726";0,352563053369522;0,251547416299314
"7727";0,152561470866203;0,347010940161071
"7728";0,161155804991722;0,133609758310275
"7729";0,635667622089386;0,64185508513367
"7730";0,998496472835541;1
"7731";0,097098670899868;0,0898985983562954
"7732";0,414636224508286;0,298763716438283
"7733";0,656160056591034;0,678143595284143
"7734";0,341083467006683;0,690720863006751
"7735";0,914517402648926;1
"7736";0,428179115056992;0,261238097987225
"7737";0,260122954845428;0,220619708784706
"7738";0,336061626672745;0,308248213409429
"7739";0,100145138800144;0,0952594009921609
"7740";0,563188433647156;0,514639114890248
"7741";0,467185407876968;0,448247636092222
"7742";0,2509446144104;0,281444200230102
"7743";0,485938549041748;0,467422814751279
"7744";0,231810569763184;0,147424134333467
"7745";0,165552869439125;0,202475453709469
"7746";0,384902328252792;0,472165063236853
"7747";0,183895066380501;0,246598983096977
"7748";0,138203978538513;0,125568554356477
"7749";0,412455856800079;0,400206597086198
"7750";0,146683558821678;0,130723172275578
"7751";0,575145542621613;0,799174024024643
"7752";0,331625282764435;0,293196729085653
"7753";0,86946564912796;1
"7754";0,561371743679047;0,495257751514427
"7755";0,174374103546143;0,143300439998186
"7756";0,228665843605995;0,314639939629115
"7757";0,283235281705856;0,466804260600987
"7758";0,590966820716858;0,88700871336613
"7759";0,29302254319191;0,288248295883316
"7760";0,422525554895401;0,485567069826516
"7761";0,618571102619171;0,557937905410699
"7762";0,661513209342957;0,584535733873262
"7763";0,476883471012115;0,467010445317751
"7764";0,417062222957611;0,42577350196494
"7765";0,209765702486038;0,256289664784887
"7766";0,474633455276489;0,419175591028491
"7767";0,133305609226227;0,185568306934817
"7768";0,590967297554016;0,432989967051682
"7769";0,137958645820618;0,150310720368163
"7770";0,787121057510376;0,774225673296193
"7771";0,230245605111122;0,337938812623453
"7772";0,210191190242767;0,245568059513157
"7773";0,173139736056328;0,432989967051682
"7774";0,13595949113369;0,148455057917287
"7775";0,353739351034164;0,399175673502377
"7776";0,493466407060623;0,363505717502196
"7777";0,432331830263138;0,321856404715857
"7778";0,446694582700729;0,444123941756941
"7779";0,514950335025787;0,377113908808623
"7780";0,320423692464828;0,218351676900301
"7781";0,289114564657211;0,252578339883134
"7782";0,369476914405823;0,507216465086742
"7783";0,0838753655552864;0,0886614900557111
"7784";0,384229600429535;0,255877295351359
"7785";0,173344567418098;0,317114156230284
"7786";0,272577315568924;0,30474307322444
"7787";0,373197287321091;0,413196234242333
"7788";0,296151161193848;0,411340571791457
"7789";0,338049918413162;0,43030956573375
"7790";0,121306225657463;0,0985583564603857
"7791";0,753019452095032;0,687215722821762
"7792";0,740912735462189;0,690720863006751
"7793";0,104806184768677;0,0802079166683849
"7794";0,361087262630463;0,251547416299314
"7795";0,215228289365768;0,355670698265162
"7796";0,352283805608749;0,291959620785069
"7797";0,102996006608009;0,432989967051682
"7798";0,179090663790703;0,228867097455268
"7799";0,305093973875046;0,373814953340399
"7800";0,914320528507233;0,981028944210539
"7801";0,088403083384037;0,0709296044140024
"7802";0,392377644777298;0,294227652669474
"7803";0,222358852624893;0,200825975975357
"7804";0,18622025847435;0,18268172090012
"7805";0,282742619514465;0,360619131467499
"7806";0,342861324548721;0,317114156230284
"7807";0,213836699724197;0,190104370703626
"7808";0,117606721818447;0,13587779019468
"7809";0,181716978549957;0,248660830264617
"7810";0,329311341047287;0,337320258473161
"7811";0,230121314525604;0,170516822611041
"7812";0,37474200129509;0,359175838450151
"7813";0,981673657894135;1
"7814";0,256322741508484;0,202475453709469
"7815";0,639860033988953;1
"7816";0,674295723438263;0,71257644298374
"7817";0,257256537675858;0,53608232543371
"7818";0,526891827583313;0,480824821340943
"7819";0,206609308719635;0,139176745662904
"7820";0,207955628633499;0,145156102449062
"7821";0,370475560426712;0,398557119352085
"7822";0,330854594707489;0,301856487189744
"7823";0,296459704637527;0,323299697733205
"7824";0,588733196258545;0,505154617919101
"7825";0,184676453471184;0,0931975538245203
"7826";0,233760580420494;0,18268172090012
"7827";0,318073779344559;0,26453705345545
"7828";0,649403095245361;0,51525766904054
"7829";0,485957145690918;0,407423062172939
"7830";0,41390785574913;0,831957393990128
"7831";0,540690422058105;0,477319681155954
"7832";0,598485469818115;0,456082655329256
"7833";0,199284419417381;0,19897031352448
"7834";0,264175146818161;0,171135376761333
"7835";0,279456943273544;0,309897691143542
"7836";0,107187382876873;0,155465338287265
"7837";0,135321766138077;0,107836668714768
"7838";0,329990565776825;0,383918004461837
"7839";0,325259298086166;0,289897773617428
"7840";0,450589895248413;0,308866767559721
"7841";0,316405892372131;0,371753106172758
"7842";0,343289583921432;0,264949422888978
"7843";0,159239441156387;0,157321000738141
"7844";0,124449007213116;0,432989967051682
"7845";0,385778039693832;0,395464348600624
"7846";0,350304931402206;0,471752693803325
"7847";0,66459459066391;0,774844227446485
"7848";0,55064982175827;0,78886478818644
"7849";0,198379278182983;0,162681803374007
"7850";0,123117588460445;0,0876305664718908
"7851";0,492490023374557;0,533195739399013
"7852";0,998123407363892;1
"7853";0,462975919246674;0,41711374386085
"7854";0,246385544538498;0,465567152300403
"7855";0,305286288261414;0,327835761502014
"7856";0,311751484870911;0,317320340947048
"7857";0,402827471494675;0,308248213409429
"7858";0,325387597084045;0,584329549156498
"7859";0,642785131931305;0,787009125735564
"7860";0,188999339938164;0,312784277178238
"7861";0,113568112254143;0,0822697638360254
"7862";0,261285543441772;0,342268691675498
"7863";0,283357173204422;0,312990461895003
"7864";0,417891442775726;0,418969406311727
"7865";0,142307311296463;0,103094420229195
"7866";0,309802770614624;0,0824759485527895
"7867";0,326872855424881;0,38659840577977
"7868";0,567515850067139;0,598556294613218
"7869";0,264032065868378;0,232990791790549
"7870";0,673970103263855;0,881854095447029
"7871";0,486261606216431;0,369691259005118
"7872";0,557063341140747;0,493814458497078
"7873";0,272117286920547;0,226805250287628
"7874";0,429680824279785;0,264743238172214
"7875";0,111000724136829;0,0754656681828116
"7876";0,351099103689194;0,427010610265525
"7877";0,264087200164795;0,271753518542192
"7878";0,207222014665604;0,189692001270098
"7879";0,486930370330811;0,444536311190469
"7880";0,186769858002663;0,264124684021922
"7881";0,29806050658226;0,328248130935543
"7882";0,155766487121582;0,149485981501107
"7883";0,807230830192566;1
"7884";0,496908813714981;0,455876470612492
"7885";0,646351516246796;0,616494364971691
"7886";0,347132951021194;0,294433837386238
"7887";0,139643967151642;0,173403408645738
"7888";0,116784177720547;0,0969088787262733
"7889";0,277292251586914;0,311547168877654
"7890";0,566539585590363;0,668452913596233
"7891";0,0935137197375298;0,0888676747724752
"7892";0,140644118189812;0,108042853431532
"7893";0,344733893871307;0,308454398126193
"7894";0,660716831684113;0,657525123607738
"7895";0,801835358142853;1
"7896";0,378043830394745;0,33979447507433
"7897";0,197097346186638;0,139176745662904
"7898";0,25856414437294;0,267836008923675
"7899";0,384977519512177;0,374021138057163
"7900";0,193432599306107;0,153609675836388
"7901";0,61565363407135;0,682679659052952
"7902";0,584440529346466;0,432165228184626
"7903";0,270727664232254;0,23711448612583
"7904";0,637179672718048;0,52845349091344
"7905";0,582902073860168;0,587009950474431
"7906";0,304546892642975;0,309485321710014
"7907";0,556832909584045;0,868864458290894
"7908";0,175002381205559;0,194640434472435
"7909";0,798700034618378;1
"7910";0,369503140449524;0,338351182056981
"7911";0,25126913189888;0,236495931975538
"7912";0,341748654842377;0,494226827930606
"7913";0,425020843744278;0,532164815815192
"7914";0,95788836479187;1
"7915";0,367515534162521;0,358969653733387
"7916";0,335493177175522;0,347010940161071
"7917";0,108304120600224;0,0907233372233517
"7918";0,100301928818226;0,1237128919056
"7919";0,324029713869095;0,305361627374732
"7920";0,515216767787933;0,659793155492142
"7921";0,318312764167786;0,367423227120713
"7922";0,224040538072586;0,261650467420753
"7923";0,432707041501999;0,501237108300584
"7924";0,29525950551033;0,305773996808261
"7925";0,829898953437805;1
"7926";0,253509193658829;0,216702199166189
"7927";0,885623931884766;0,857730483585635
"7928";0,321231752634048;0,287629741733024
"7929";0,443662911653519;0,317114156230284
"7930";0,398161768913269;0,360000577317207
"7931";0,11107611656189;0,0859810887377784
"7932";0,799084365367889;0,680823996602076
"7933";0,312172383069992;0,294640022103002
"7934";0,440679401159286;0,299382270588575
"7935";0,636445820331573;0,637112836648096
"7936";0,26768559217453;0,270722594958371
"7937";0,126250579953194;0,193609510888615
"7938";0,658262252807617;0,748452583700686
"7939";0,473497927188873;0,410103463490872
"7940";0,374969154596329;0,331547086403767
"7941";0,373223155736923;0,270928779675135
"7942";0,658637404441833;0,727627927307516
"7943";0,264783561229706;0,334639857155228
"7944";0,236497730016708;0,14556847188259
"7945";0,284058064222336;0,32000074226498
"7946";0,776936113834381;0,740617564463652
"7947";0,253653675317764;0,25897006610282
"7948";0,742235541343689;0,754431940486843
"7949";0,328706085681915;0,247011352530505
"7950";0,492340445518494;0,425154947814648
"7951";0,275615751743317;0,227217619721156
"7952";0,324083805084229;0,29711423870417
"7953";0,625164151191711;0,867833534707073
"7954";0,173021137714386;0,131754095859399
"7955";0,112132020294666;0,130104618125286
"7956";0,585747539997101;0,407216877456175
"7957";0,203316658735275;0,287217372299496
"7958";0,404104232788086;0,354227405247813
"7959";0,992265284061432;1
"7960";0,605520606040955;0,616700549688455
"7961";0,278742849826813;0,192578587304795
"7962";0,5394566655159;0,677318856417087
"7963";0,859252154827118;1
"7964";0,9872145652771;1
"7965";0,925301194190979;1
"7966";0,183860585093498;0,148867427350815
"7967";0,565757751464844;0,473814540970965
"7968";0,476024061441422;0,549071962589845
"7969";0,438025742769241;0,357320175999274
"7970";0,183699354529381;0,197114651073604
"7971";0,658818125724792;0,467422814751279
"7972";0,481372982263565;0,481237190774471
"7973";0,313524842262268;0,341031583374914
"7974";0,318983793258667;0,321650219999093
"7975";0,571604132652283;0,684122952070301
"7976";0,3666150867939;0,507422649803506
"7977";0,616031885147095;0,579174931237397
"7978";0,642347991466522;0,736081500694842
"7979";0,522936344146729;0,525360720161979
"7980";0,534985065460205;0,538556542034878
"7981";0,24235400557518;0,160001402056074
"7982";0,271066516637802;0,293815283235945
"7983";0,290602743625641;0,160001402056074
"7984";0,466427117586136;0,462680566265706
"7985";0,387433081865311;0,351753188646645
"7986";0,473912566900253;0,475670203421842
"7987";0,192360252141953;0,168248790726636
"7988";0,223698258399963;0,26556797703927
"7989";0,842874825000763;1
"7990";0,193090245127678;0,264330868738686
"7991";0,311013996601105;0,298351347004755
"7992";0,853000462055206;0,809895629296374
"7993";0,967913150787354;1
"7994";0,480895042419434;0,559587383144812
"7995";0,934761881828308;1
"7996";0,105515152215958;0,104743897963307
"7997";0,341876834630966;0,492577350196494
"7998";0,214562818408012;0,223300110102639
"7999";0,578765451908112;0,252578339883134
"8000";0,587862968444824;0,525979274312271
"8001";0,354946136474609;0,361443870334555
"8002";0,0721473097801208;0,0523729799052375
"8003";0,204756662249565;0,193609510888615
"8004";0,105267249047756;0,113197471350634
"8005";0,404101490974426;0,435051814219323
"8006";0,536317527294159;0,737318608995427
"8007";0,164146691560745;0,1237128919056
"8008";0,282947391271591;0,26659890062309
"8009";0,496044844388962;0,567010032948318
"8010";0,385042428970337;0,525566904878743
"8011";0,502026438713074;0,451340406843683
"8012";0,231153056025505;0,245568059513157
"8013";0,321316063404083;0,335876965455813
"8014";0,227096244692802;0,276083397594237
"8015";0,514474987983704;0,487835101710921
"8016";0,524952709674835;0,65051484323776
"8017";0,175235316157341;0,159589032622546
"8018";0,282405853271484;0,310928614727362
"8019";0,820439457893372;0,688040461688818
"8020";0,100630506873131;0,100414018911262
"8021";0,461615532636642;0,390515915398287
"8022";0,238893449306488;0,176908548830726
"8023";0,273568987846375;0,262062836854281
"8024";0,683293521404266;0,730102143908685
"8025";0,208922296762466;0,1816507973163
"8026";0,271956861019135;0,199382682958008
"8027";0,33187273144722;0,301031748322687
"8028";0,333955943584442;0,169692083743985
"8029";0,183112248778343;0,180207504298951
"8030";0,521629154682159;0,443299202889885
"8031";0,381903797388077;0,434227075352267
"8032";0,144115433096886;0,149073612067579
"8033";0,257431596517563;0,26556797703927
"8034";0,26945772767067;0,201032160692121
"8035";0,178139790892601;0,224949587836751
"8036";0,268277227878571;0,275877212877473
"8037";0,283919811248779;0,361650055051319
"8038";0,333204597234726;0,302475041340036
"8039";0,447220146656036;0,377732462958916
"8040";0,0905913338065147;0,0802079166683849
"8041";0,373312830924988;0,450103298543099
"8042";0,0805339813232422;0,0593832602752154
"8043";0,110612981021404;0,0762904070498678
"8044";0,309615910053253;0,327835761502014
"8045";0,238252192735672;0,212578504830908
"8046";0,600494980812073;0,620205689873444
"8047";0,219642207026482;0,238970148576707
"8048";0,108740843832493;0,109692331165645
"8049";0,41303026676178;0,484536146242696
"8050";0,295148074626923;0,38000049484332
"8051";0,292775332927704;0,354433589964577
"8052";0,0948567092418671;0,0944346621251046
"8053";0,591464102268219;0,441649725155773
"8054";0,471266478300095;0,329897608669655
"8055";0,553692281246185;0,415670450843502
"8056";0,276207804679871;0,252578339883134
"8057";0,491400510072708;0,59917484876351
"8058";0,301980048418045;0,164125096391355
"8059";0,439028978347778;0,430103381016985
"8060";0,605843305587769;0,874225260926759
"8061";0,743035137653351;0,715669213735201
"8062";0,124927908182144;0,109898515882409
"8063";0,564462065696716;0,461649642681886
"8064";0,427310943603516;0,520412286959641
"8065";0,653712153434753;0,725978449573404
"8066";0,213229060173035;0,318145079814104
"8067";0,801250219345093;0,948451758961819
"8068";0,3892762362957;0,390928284831815
"8069";0,517701983451843;0,4105158329244
"8070";0,981997609138489;1
"8071";0,0923809409141541;0,0707234196972384
"8072";0,725748479366302;0,752163908602439
"8073";0,196402981877327;0,165568389408703
"8074";0,17109215259552;0,327423392068486
"8075";0,134100362658501;0,202063084275941
"8076";0,398082584142685;0,446185788924582
"8077";0,776113331317902;0,658762231908322
"8078";0,283239245414734;0,22845472802174
"8079";0,86879175901413;1
"8080";0,301610976457596;0,341031583374914
"8081";0,198989197611809;0,184949752784525
"8082";0,765655875205994;0,722679494105179
"8083";0,421861618757248;0,367835596554241
"8084";0,289157122373581;0,262269021571045
"8085";0,58684903383255;0,502680401317933
"8086";0,211380183696747;0,278351429478641
"8087";0,559516549110413;0,633401511746343
"8088";0,501996874809265;0,43134048931757
"8089";0,229795888066292;0,169692083743985
"8090";0,206942945718765;0,183918829200704
"8091";0,373095571994781;0,349278972045476
"8092";0,373087882995605;0,268660747790731
"8093";0,352737128734589;0,389278807097703
"8094";0,405538290739059;0,43237141290139
"8095";0,202565103769302;0,227217619721156
"8096";0,415820777416229;0,454845547028672
"8097";0,15014822781086;0,0839192415701379
"8098";0,338314801454544;0,294846206819766
"8099";0,219230398535728;0,291341066634777
"8100";0,14845235645771;0,175259071096614
"8101";0,245151087641716;0,214846536715313
"8102";0,389148831367493;0,348660417895184
"8103";0,099059984087944;0,0964965092927452
"8104";0,464977741241455;0,332784194704352
"8105";0,40516796708107;0,32000074226498
"8106";0,255758881568909;0,290928697201249
"8107";0,387156069278717;0,338557366773745
"8108";0,256198585033417;0,260619543836933
"8109";0,313161045312881;0,343918169409611
"8110";0,233052253723145;0,178558026564839
"8111";0,381467074155807;0,307011105108845
"8112";0,183389648795128;0,119176828136791
"8113";0,601941645145416;0,485979439260044
"8114";0,302692741155624;0,339175920924037
"8115";0,284446030855179;0,664329219260951
"8116";0,183127865195274;0,150104535651399
"8117";0,614926397800446;0,859379961319747
"8118";0,557900667190552;0,530927707514608
"8119";0,636460602283478;0,611133562335825
"8120";0,436472594738007;0,480618636624179
"8121";0,381240606307983;0,392165393132399
"8122";0,242091879248619;0,304536888507676
"8123";0,287603735923767;0,250104123281966
"8124";0,126402348279953;0,123094337755308
"8125";0,296216875314713;0,299588455305339
"8126";0,250202745199203;0,192166217871267
"8127";0,0700752139091492;0,0734038210151711
"8128";0,857614278793335;0,911544694661053
"8129";0,492069572210312;0,539381280901934
"8130";0,423505753278732;0,451134222126919
"8131";0,25730836391449;0,247423721964033
"8132";0,130371183156967;0,1053624521136
"8133";0,331124275922775;0,331959455837296
"8134";0,319971263408661;0,3789695712595
"8135";0,217125400900841;0,338557366773745
"8136";0,332375258207321;0,321237850565565
"8137";0,446009486913681;0,471134139653032
"8138";0,410883218050003;0,362474793918376
"8139";0,268354833126068;0,3026812260568
"8140";0,297952771186829;0,224124848969695
"8141";0,202624022960663;0,248454645547853
"8142";0,776893854141235;0,920204452765143
"8143";0,257037818431854;0,304124519074148
"8144";0,524603307247162;0,418969406311727
"8145";0,0818779617547989;0,0762904070498678
"8146";0,302189439535141;0,252578339883134
"8147";0,332701653242111;0,318557449247632
"8148";0,461896061897278;0,485154700392988
"8149";0,612239718437195;0,607009868000544
"8150";0,293640822172165;0,265980346472798
"8151";0,178456470370293;0,203300192576525
"8152";0,323258250951767;0,316083232646463
"8153";0,230390653014183;0,196289912206548
"8154";0,0663428753614426;0,072991451581643
"8155";0,745124697685242;1
"8156";0,23419226706028;0,164125096391355
"8157";0,342149078845978;0,358351099583095
"8158";0,634593963623047;0,80309153364316
"8159";0,509412825107574;0,463505305132762
"8160";0,322524935007095;0,35505214411487
"8161";0,457508414983749;0,535257586566653
"8162";0,0987031683325768;0,124950000206185
"8163";0,129625514149666;0,0750532987492835
"8164";0,0826092287898064;0,134228312460567
"8165";0,232315853238106;0,292578174935361
"8166";0,985483884811401;1
"8167";0,204984098672867;0,154846784136973
"8168";0,303591042757034;0,394433425016804
"8169";0,162731274962425;0,351547003929881
"8170";0,460935264825821;0,400206597086198
"8171";0,113040618598461;0,125156184922949
"8172";0,6560378074646;0,649896289087468
"8173";0,896341741085052;1
"8174";0,261193335056305;0,267836008923675
"8175";0,171996235847473;0,163506542241063
"8176";0,172749206423759;0,125568554356477
"8177";0,25183516740799;0,309691506426778
"8178";0,391870707273483;0,327423392068486
"8179";0,168625935912132;0,203094007859761
"8180";0,439133495092392;0,32659865320143
"8181";0,255547076463699;0,298557531721519
"8182";0,438187122344971;0,532783369965485
"8183";0,17518675327301;0,193197141455087
"8184";0,360115379095078;0,367423227120713
"8185";0,514462828636169;0,407216877456175
"8186";0,470161527395248;0,407216877456175
"8187";0,09727443754673;0,0742285598822273
"8188";0,158232137560844;0,131960280576163
"8189";0,410946726799011;0,43237141290139
"8190";0,670993685722351;0,744741258798933
"8191";0,258501887321472;0,235258823674954
"8192";0,674202620983124;0,668865283029761
"8193";0,0725613906979561;0,114228394934454
"8194";0,248675540089607;0,297526608137698
"8195";0,210433036088943;0,165362204691939
"8196";0,769195377826691;0,797524546290531
"8197";0,700469374656677;0,693401264324683
"8198";0,290355771780014;0,278351429478641
"8199";0,343372166156769;0,317114156230284
"8200";0,318794786930084;0,25690821893518
"8201";0,249661654233932;0,212578504830908
"8202";0,315557360649109;0,253403078750191
"8203";0,249997943639755;0,383918004461837
"8204";0,393123686313629;0,360825316184263
"8205";0,452069580554962;0,389072622380939
"8206";0,891728341579437;1
"8207";0,47022020816803;0,441649725155773
"8208";0,199834957718849;0,208867179929155
"8209";0,256622970104218;0,264949422888978
"8210";0,717258453369141;0,71917435392019
"8211";0,214492499828339;0,171753930911625
"8212";0,343532800674438;0,258351511952528
"8213";0,309484839439392;0,350309895629296
"8214";0,337886989116669;0,422886915930244
"8215";0,176543176174164;0,108867592298588
"8216";0,203348711133003;0,251135046865786
"8217";0,907165944576263;1
"8218";0,173022985458374;0,134434497177331
"8219";0,461678802967072;0,501855662450877
"8220";0,310500293970108;0,352371742796937
"8221";0,278944700956345;0,257526773085472
"8222";0,618728041648865;0,534226662982833
"8223";0,320823788642883;0,329897608669655
"8224";0,128340244293213;0,20453730087711
"8225";0,21447716653347;0,208660995212391
"8226";0,136577680706978;0,0816512096857333
"8227";0,627217352390289;0,0824759485527895
"8228";0,111900225281715;0,0884553053389471
"8229";0,178385242819786;0,116496426818858
"8230";0,332542151212692;0,273402996276304
"8231";0,235803589224815;0,322268774149385
"8232";0,49156066775322;0,636494282497804
"8233";0,127275243401527;0,113403656067398
"8234";0,501513957977295;0,561855415029216
"8235";0,256980836391449;0,289897773617428
"8236";0,944449543952942;1
"8237";0,332879424095154;0,376289169941567
"8238";0,353611946105957;0,304124519074148
"8239";0,124394364655018;0,0760842223331038
"8240";0,234467148780823;0,250928862149022
"8241";0,275383412837982;0,240413441594055
"8242";0,739514946937561;0,744535074082169
"8243";0,47014108300209;0,477319681155954
"8244";0,414784699678421;0,375052061640983
"8245";0,986917495727539;1
"8246";0,565665364265442;0,532989554682249
"8247";0,634827375411987;0,568040956532138
"8248";0,201495721936226;0,169073529593692
"8249";0,350829720497131;0,41608282027703
"8250";0,424267888069153;0,384948928045658
"8251";0,485391587018967;0,62206135232432
"8252";0,240494906902313;0,145980841316118
"8253";0,159488826990128;0,15979521733931
"8254";0,862608730792999;1
"8255";0,37003630399704;0,328454315652307
"8256";0,65165102481842;0,631545849295467
"8257";0,478736340999603;0,438556954404312
"8258";0,24028217792511;0,246805167813741
"8259";0,240891858935356;0,201032160692121
"8260";0,30310845375061;0,284743155698327
"8261";0,274941354990005;0,279588537779226
"8262";0,475105732679367;0,475464018705077
"8263";0,998209595680237;1
"8264";0,151754096150398;0,132372650009691
"8265";0,369749546051025;0,432989967051682
"8266";0,546332776546478;0,595875893295285
"8267";0,103077627718449;0,134434497177331
"8268";0,117137238383293;0,0824759485527895
"8269";0,148225724697113;0,118970643420027
"8270";0,511680722236633;0,500824738867056
"8271";0,465909540653229;0,421237438196131
"8272";0,234138235449791;0,256495849501652
"8273";0,275868088006973;0,253403078750191
"8274";0,74853378534317;0,667421990012412
"8275";0,978951096534729;1
"8276";0,44309076666832;0,400206597086198
"8277";0,33642515540123;0,557731720693935
"8278";0,683632969856262;0,601649065364679
"8279";0,464168667793274;0,447216712508402
"8280";0,18764466047287;0,198557944090952
"8281";0,142451122403145;0,145362287165826
"8282";0,784495770931244;0,432989967051682
"8283";0,145517185330391;0,125362369639713
"8284";0,234232977032661;0,233196976507313
"8285";0,362087965011597;0,304124519074148
"8286";0,162477657198906;0,108249038148296
"8287";0,455724865198135;0,804947196094037
"8288";0,526915729045868;0,52082465639317
"8289";0,087925598025322;0,128455140391174
"8290";0,369964927434921;0,517113331491417
"8291";0,102777265012264;0,0898985983562954
"8292";0,402857065200806;0,444948680623997
"8293";0,37930554151535;0,609484084601713
"8294";0,0977296456694603;0,107011929847712
"8295";0,941388666629791;1
"8296";0,62752902507782;0,793813221388778
"8297";0,264773815870285;0,258557696669292
"8298";0,39148011803627;0,257114403651944
"8299";0,160646110773087;0,18371264448394
"8300";0,151629537343979;0,108249038148296
"8301";0,40045166015625;0,449072374959279
"8302";0,37865686416626;0,294846206819766
"8303";0,227035835385323;0,183300275050412
"8304";0,330547273159027;0,37030981315541
"8305";0,236353099346161;0,304124519074148
"8306";0,329052329063416;0,370103628438646
"8307";0,606103360652924;0,449897113826335
"8308";0,336636394262314;0,37793864767568
"8309";0,946472227573395;1
"8310";0,129346236586571;0,104331528529779
"8311";0,293263256549835;0,270310225524843
"8312";0,323842883110046;0,216496014449425
"8313";0,201467722654343;0,132578834726455
"8314";0,373965233564377;0,438763139121076
"8315";0,488822877407074;0,418557036878198
"8316";0,66156405210495;0,745978367099517
"8317";0,481565862894058;0,465360967583639
"8318";0,222862541675568;0,158558109038726
"8319";0,649406909942627;0,686803353388233
"8320";0,135664433240891;0,114228394934454
"8321";0,625938057899475;0,6342262506134
"8322";0,358246177434921;0,360000577317207
"8323";0,259246408939362;0,315670863212935
"8324";0,322707921266556;0,319176003397924
"8325";0,262526005506516;0,252165970449606
"8326";0,386714458465576;0,467835184184807
"8327";0,245889365673065;0,301856487189744
"8328";0,6852987408638;1
"8329";0,267051011323929;0,294846206819766
"8330";0,105693764984608;0,109898515882409
"8331";0,784415602684021;0,477938235306246
"8332";0,480207890272141;0,486597993410336
"8333";0,177085518836975;0,179795134865423
"8334";0,210305988788605;0,170310637894277
"8335";0,720394194126129;0,699586805827605
"8336";0,189624533057213;0,138352006795848
"8337";0,944575846195221;1
"8338";0,272935003042221;0,351340819213117
"8339";0,376587182283401;0,300000824738867
"8340";0,69123238325119;0,859998515470039
"8341";0,341970175504684;0,360619131467499
"8342";0,576928555965424;0,83917385907687
"8343";0,364570736885071;0,400206597086198
"8344";0,365558952093124;0,373196399190106
"8345";0,163932725787163;0,153609675836388
"8346";0,513784825801849;0,461237273248358
"8347";0,128338649868965;0,0824759485527895
"8348";0,258578956127167;0,194434249755671
"8349";0,485656023025513;0,471752693803325
"8350";0,447927325963974;0,396495272184445
"8351";0,336774170398712;0,367010857687185
"8352";0,865722894668579;0,797730731007295
"8353";0,755458891391754;0,889895299400827
"8354";0,868951022624969;1
"8355";0,266302943229675;0,174434332229558
"8356";0,996308147907257;1
"8357";0,176301121711731;0,240413441594055
"8358";0,479728609323502;0,448453820808986
"8359";0,220539435744286;0,222681555952347
"8360";0,470216155052185;0,416701374427322
"8361";0,699939012527466;0,792369928371429
"8362";0,245773181319237;0,270722594958371
"8363";0,608870804309845;0,762473144440642
"8364";0,368957847356796;0,350103710912532
"8365";0,414559841156006;0,28185656966363
"8366";0,5606569647789;0,451958960993975
"8367";0,171593233942986;0,183918829200704
"8368";0,410404324531555;0,428660087999637
"8369";0,348239719867706;0,413608603675861
"8370";0,0887320712208748;0,0721667127145867
"8371";0,540099263191223;1
"8372";0,120776399970055;0,14556847188259
"8373";0,460864543914795;0,377113908808623
"8374";0,784692525863647;1
"8375";0,582088708877563;0,61340159422023
"8376";0,170086085796356;0,137527267928792
"8377";0,277943760156631;0,278763798912169
"8378";0,108733400702477;0,12268196832178
"8379";0,112457193434238;0,095877955142453
"8380";0,617780804634094;0,682885843769716
"8381";0,291007518768311;0,282268939097158
"8382";0,126433432102203;0,111960363050049
"8383";0,216306746006012;0,155465338287265
"8384";0,398303925991058;0,246598983096977
"8385";0,387669503688812;0,40845398575676
"8386";0,63407576084137;0,690720863006751
"8387";0,190784975886345;0,14659939546641
"8388";0,459849208593369;0,420412699329075
"8389";0,208346948027611;0,177320918264255
"8390";0,32647493481636;0,322887328299677
"8391";0,716562390327454;0,730102143908685
"8392";0,460291862487793;0,499587630566472
"8393";0,306393682956696;0,348866602611948
"8394";0,271333605051041;0,294640022103002
"8395";0,394702106714249;0,355670698265162
"8396";0,432392925024033;0,492164980762966
"8397";0,879721999168396;0,753401016903023
"8398";0,209687694907188;0,203918746726818
"8399";0,240745916962624;0,232784607073785
"8400";0,25674045085907;0,35608306769869
"8401";0,5106400847435;0,470103216069212
"8402";0,682045459747314;0,680411627168548
"8403";0,173159405589104;0,132785019443219
"8404";0,33064529299736;0,322887328299677
"8405";0,270996987819672;0,177320918264255
"8406";0,47777259349823;0,421855992346423
"8407";0,102744333446026;0,0936099232580484
"8408";0,251631259918213;0,176908548830726
"8409";0,537258803844452;0,563298708046565
"8410";0,644405782222748;0,644329301734838
"8411";0,487098097801208;0,432989967051682
"8412";0,152416050434113;0,149692166217871
"8413";0,763953804969788;0,848245986614488
"8414";0,91166627407074;0,561855415029216
"8415";0,49810004234314;0,43793840025402
"8416";0,357969731092453;0,618556212139331
"8417";0,321955382823944;0,303505964923856
"8418";0,166171997785568;0,149485981501107
"8419";0,125789567828178;0,1237128919056
"8420";0,654974281787872;0,59917484876351
"8421";0,256310194730759;0,241238180461112
"8422";0,609653949737549;0,507216465086742
"8423";0,311603903770447;0,277114321178057
"8424";0,218590602278709;0,196289912206548
"8425";0,692733764648438;0,679380703584727
"8426";0,190554440021515;0,14453754829877
"8427";0,346186578273773;0,331340901687003
"8428";0,658135831356049;0,595051154428229
"8429";0,895546495914459;0,99071962589845
"8430";0,754579067230225;0,668040544162705
"8431";0,424381226301193;0,361650055051319
"8432";0,870377540588379;0,670927130197401
"8433";0,128803551197052;0,0756718528995757
"8434";0,286925613880157;0,51525766904054
"8435";0,170724868774414;0,202475453709469
"8436";0,430422157049179;0,440412616855188
"8437";0,569689810276031;0,458763056647189
"8438";0,312856525182724;0,328660500369071
"8439";0,123721472918987;0,158558109038726
"8440";0,509716987609863;0,404124106704715
"8441";0,740963935852051;0,774225673296193
"8442";0,725602865219116;0,724328971839291
"8443";0,747789859771729;0,857524298868871
"8444";0,181301340460777;0,177320918264255
"8445";0,732603251934052;0,824328559469858
"8446";0,263072609901428;0,278351429478641
"8447";0,270277589559555;0,223712479536167
"8448";0,232606470584869;0,252578339883134
"8449";0,190202981233597;0,164949835258411
"8450";0,275850683450699;0,253609263466955
"8451";0,805333852767944;1
"8452";0,326712965965271;0,385155112762422
"8453";0,381501376628876;0,507835019237034
"8454";0,197242021560669;0,236289747258774
"8455";0,355174452066422;0,3789695712595
"8456";0,417190551757812;0,432989967051682
"8457";0,0772236958146095;0,0960841398592171
"8458";0,428950995206833;0,353608851097521
"8459";0,787624418735504;1
"8460";0,195930853486061;0,13793963736232
"8461";0,948456406593323;1
"8462";0,285487294197083;0,300619378889159
"8463";0,193947479128838;0,185980676368345
"8464";0,463532119989395;0,448247636092222
"8465";0,312941908836365;0,30474307322444
"8466";0,429066389799118;0,325980099051138
"8467";0,259018987417221;0,351959373363409
"8468";0,308384239673615;0,271341149108663
"8469";0,597739398479462;0,896905579770805
"8470";0,312182515859604;0,274640104576888
"8471";0,588833749294281;0,448453820808986
"8472";0,239818885922432;0,262062836854281
"8473";0,377291023731232;0,449690929109571
"8474";0,578065693378448;0,377320093525388
"8475";0,248039454221725;0,201032160692121
"8476";0,119705438613892;0,196289912206548
"8477";0,103144787251949;0,0874243817551268
"8478";0,842126131057739;0,484536146242696
"8479";0,596196353435516;0,467216630034515
"8480";0,205511942505836;0,329897608669655
"8481";0,405462056398392;0,386186036346242
"8482";0,458433121442795;0,536288510150474
"8483";0,104235365986824;0,102475866078903
"8484";0,201622799038887;0,262887575721337
"8485";0,366830915212631;0,342268691675498
"8486";0,325821936130524;0,278351429478641
"8487";0,27304944396019;0,26659890062309
"8488";0,517251789569855;0,424124024230828
"8489";0,753630638122559;0,671133314914165
"8490";0,452834933996201;0,440206432138424
"8491";0,176989287137985;0,188248708252749
"8492";0,18729230761528;0,0936099232580484
"8493";0,267330348491669;0,203094007859761
"8494";0,461803615093231;0,469072292485392
"8495";0,225623324513435;0,329897608669655
"8496";0,588797152042389;0,489690764161797
"8497";0,104753620922565;0,136702529061736
"8498";0,345779895782471;0,0971150634430373
"8499";0,190803229808807;0,175259071096614
"8500";0,264471143484116;0,284330786264799
"8501";0,46271950006485;0,108249038148296
"8502";0,362142026424408;0,437319846103727
"8503";0,343670874834061;0,253815448183719
"8504";0,357462167739868;0,210516657663267
"8505";0,611274778842926;0,519587548092585
"8506";0,480379194021225;0,458556871930425
"8507";0,152148216962814;0,156290077154321
"8508";0,234087690711021;0,180413689015715
"8509";0,215615957975388;0,177527102981019
"8510";0,294165164232254;0,263093760438101
"8511";0,792208313941956;1
"8512";0,376804053783417;0,371753106172758
"8513";0,142017707228661;0,121857229454724
"8514";0,30650931596756;0,315464678496171
"8515";0,286591678857803;0,300207009455631
"8516";0,122025787830353;0,102888235512431
"8517";0,173091486096382;0,275671028160709
"8518";0,497634530067444;0,451958960993975
"8519";0,19679756462574;0,224949587836751
"8520";0,377012014389038;0,398557119352085
"8521";0,0979871526360512;0,284743155698327
"8522";0,2090824842453;0,206805332761514
"8523";0,956129252910614;1
"8524";0,232759714126587;0,167836421293108
"8525";0,682047307491302;0,651958136255108
"8526";0,280126571655273;0,376289169941567
"8527";0,961991667747498;1
"8528";0,620066404342651;0,814431693065183
"8529";0,414404422044754;0,201032160692121
"8530";0,305753499269485;0,263093760438101
"8531";0,344135254621506;0,347835679028128
"8532";0,132881537079811;0,152784936969332
"8533";0,339319676160812;0,329072869802599
"8534";0,142130300402641;0,0915480760904079
"8535";0,26608744263649;0,226805250287628
"8536";0,591698944568634;0,671133314914165
"8537";0,459553241729736;0,366804672970421
"8538";0,324752062559128;0,366186118820129
"8539";0,480928272008896;0,626597416093129
"8540";0,501676321029663;0,446185788924582
"8541";0,57791006565094;0,492577350196494
"8542";0,406802028417587;0,403505552554422
"8543";0,207439869642258;0,248867014981382
"8544";0,370310127735138;0,35051608034606
"8545";0,376744508743286;0,376701539375095
"8546";0,311420828104019;0,28845448060008
"8547";0,582888782024384;0,509484496971147
"8548";0,0965918526053429;0,147217949616703
"8549";0,163276702165604;0,168248790726636
"8550";0,19948635995388;0,285567894565383
"8551";0,297852843999863;0,263299945154865
"8552";0,181053832173347;0,153403491119624
"8553";0,146002098917961;0,141650962264073
"8554";0,199605002999306;0,155052968853737
"8555";0,392403095960617;0,304949257941204
"8556";0,286463886499405;0,167836421293108
"8557";0,123935244977474;0,172784854495445
"8558";0,159521862864494;0,198557944090952
"8559";0,146008029580116;0,201032160692121
"8560";0,245529219508171;0,216702199166189
"8561";0,312348574399948;0,267217454773382
"8562";0,308005541563034;0,387216959930062
"8563";0,871798574924469;0,714638290151381
"8564";0,376816928386688;0,371959290889522
"8565";0,549315869808197;0,572989389734475
"8566";0,446380406618118;0,377526278242152
"8567";0,419842839241028;0,323505882449969
"8568";0,324940919876099;0,27319681155954
"8569";0,627840101718903;0,516700962057888
"8570";0,865002155303955;0,835050164741589
"8571";0,611168086528778;0,639174683815737
"8572";0,250364601612091;0,274433919860124
"8573";0,595468044281006;0,270722594958371
"8574";0,817838370800018;0,866184056972961
"8575";0,241152316331863;0,385979851629478
"8576";0,688242077827454;0,779380291215294
"8577";0,432676732540131;0,567010032948318
"8578";0,410418391227722;0,519793732809349
"8579";0,422674983739853;0,435670368369615
"8580";0,179493546485901;0,338351182056981
"8581";0,344063580036163;0,317732710380576
"8582";0,441706299781799;0,482886668508583
"8583";0,433283120393753;0,355670698265162
"8584";0,140662923455238;0,0975274328765655
"8585";0,457129716873169;0,382680896161253
"8586";0,267339140176773;0,329897608669655
"8587";0,349643439054489;0,136702529061736
"8588";0,193078428506851;0,185774491651581
"8589";0,739867806434631;1
"8590";0,266676723957062;0,285155525131855
"8591";0,156889259815216;0,144331363582006
"8592";0,362260669469833;0,320413111698508
"8593";0,119814105331898;0,109279961732117
"8594";0,100788488984108;0,0917542608071719
"8595";0,350512355566025;0,281238015513338
"8596";0,111400604248047;0,11505313380151
"8597";0,211428984999657;0,321237850565565
"8598";0,292727082967758;0,220413524067942
"8599";0,353714942932129;0,297320423420934
"8600";0,347497850656509;0,230310390472617
"8601";0,468671411275864;1
"8602";0,266282290220261;0,260207174403405
"8603";0,524687230587006;0,556082242959823
"8604";0,805693507194519;0,862472732071208
"8605";0,582495808601379;0,632164403445759
"8606";0,338009804487228;0,310928614727362
"8607";0,31121951341629;0,419381775745255
"8608";0,538951098918915;0,652164320971872
"8609";0,680075287818909;0,329897608669655
"8610";0,139651536941528;0,166599312992524
"8611";0,165566891431808;0,141032408113781
"8612";0,123225890100002;0,132372650009691
"8613";0,377159625291824;0,417938482727906
"8614";0,528213024139404;0,527010197896091
"8615";0,342048197984695;0,372784029756578
"8616";0,996270656585693;1
"8617";0,593445420265198;0,660411709642434
"8618";0,508925914764404;0,675050824532682
"8619";0,218533262610435;0,23402171537437
"8620";0,739502727985382;0,67340134679857
"8621";0,126361861824989;0,121444860021196
"8622";0,230367824435234;0,225980511420571
"8623";0,286993533372879;0,295877130403586
"8624";0,0752336457371712;0,1053624521136
"8625";0,366124927997589;0,254021632900483
"8626";0,594459056854248;0,611752116486118
"8627";0,778785109519958;0,578968746520633
"8628";0,249924823641777;0,204124931443582
"8629";0,154974788427353;0,150723089801692
"8630";0,995168626308441;1
"8631";0,352440387010574;0,207836256345335
"8632";0,58180183172226;0,571752281433891
"8633";0,300646901130676;0,31896981868116
"8634";0,536487460136414;0,460618719098066
"8635";0,131880864500999;0,1237128919056
"8636";0,27047523856163;0,206392963327986
"8637";0,380286753177643;0,326186283767902
"8638";0,235081031918526;0,24165054989464
"8639";0,940130233764648;1
"8640";0,124410875141621;0,114434579651218
"8641";0,818586528301239;1
"8642";0,706715941429138;0,597937740462926
"8643";0,375085592269897;0,292371990218597
"8644";0,142992481589317;0,18268172090012
"8645";0,806591153144836;0,958967179516785
"8646";0,318570345640182;0,436288922519907
"8647";0,395996659994125;0,542886421086923
"8648";0,10387772321701;0,0841254262869019
"8649";0,957479238510132;1
"8650";0,731318593025208;0,620618059306972
"8651";0,4183149933815;0,421443622912895
"8652";0,534789144992828;1
"8653";0,191543117165565;0,157733370171669
"8654";0,31731903553009;0,327217207351722
"8655";0,333630204200745;0,39319631671622
"8656";0,169603034853935;0,202681638426233
"8657";0,254070609807968;0,202063084275941
"8658";0,235668122768402;0,455876470612492
"8659";0,0729782357811928;0,0800017319516208
"8660";0,373045712709427;0,364536641086016
"8661";0,58109837770462;1
"8662";0,153319329023361;0,227629989154684
"8663";0,0767140910029411;0,0723728974313508
"8664";0,188938692212105;0,117527350402679
"8665";0,237589150667191;0,250104123281966
"8666";0,20885705947876;0,282062754380394
"8667";0,380825281143188;0,404124106704715
"8668";0,42241632938385;0,444123941756941
"8669";0,12130094319582;0,0859810887377784
"8670";0,37145808339119;0,420206514612311
"8671";0,428170591592789;0,278351429478641
"8672";0,920102059841156;0,864946948672377
"8673";0,565143942832947;0,64948391965394
"8674";0,279914110898972;0,248867014981382
"8675";0,208352610468864;0,132372650009691
"8676";0,479693621397018;0,441855909872537
"8677";0,359405100345612;0,587628504624723
"8678";0,343242943286896;0,334433672438464
"8679";0,289436131715775;0,298557531721519
"8680";0,354237914085388;0,34288724582579
"8681";0,207273870706558;0,231547498773201
"8682";0,295450627803802;0,201032160692121
"8683";0,105077244341373;0,0888676747724752
"8684";0,576675713062286;0,456495024762784
"8685";0,338496506214142;0,295258576253294
"8686";0,404101252555847;0,546597745988676
"8687";0,272285908460617;0,287011187582732
"8688";0,21985150873661;0,190929109570682
"8689";0,205770462751389;0,15113545923522
"8690";0,206611424684525;0,219588785200886
"8691";0,559612095355988;0,462680566265706
"8692";0,313665181398392;0,281238015513338
"8693";0,243545085191727;0,197733205223896
"8694";0,362917840480804;0,31134098416089
"8695";0,208831056952477;0,230722759906145
"8696";0,850957632064819;0,861235623770624
"8697";0,40358579158783;0,320619296415273
"8698";0,321240693330765;0,304124519074148
"8699";0,232340604066849;0,265155607605742
"8700";0,564855635166168;0,632576772879287
"8701";0,4145847260952;0,478350604739774
"8702";0,238670617341995;0,262887575721337
"8703";0,382250666618347;0,38000049484332
"8704";0,399324059486389;0,309279136993249
"8705";0,347339928150177;0,236702116692302
"8706";0,348432928323746;0,308866767559721
"8707";0,323062688112259;0,431134304600806
"8708";0,210146382451057;0,395464348600624
"8709";0,660617351531982;0,561236860878924
"8710";0,974087715148926;1
"8711";0,263568013906479;0,0154659156044717
"8712";0,175116345286369;0,214021797848256
"8713";0,104014605283737;0,0734038210151711
"8714";0,201602071523666;0,256289664784887
"8715";0,357225090265274;0,263093760438101
"8716";0,93620103597641;0,905771522591659
"8717";0,417688816785812;0,45422699287838
"8718";0,139012575149536;0,154022045269916
"8719";0,409776896238327;0,385773666912714
"8720";0,189559116959572;0,192372402588031
"8721";0,60791015625;0,501237108300584
"8722";0,351635277271271;0,481855744924763
"8723";0,0791998580098152;0,0558781200902264
"8724";0,223667293787003;0,287835926449788
"8725";0,150622710585594;0,139176745662904
"8726";0,105056442320347;0,0874243817551268
"8727";0,374291270971298;0,423505470080536
"8728";0,229544833302498;0,226805250287628
"8729";0,62996906042099;0,653607613989221
"8730";0,207837134599686;0,165980758842232
"8731";0,347208589315414;0,416907559144086
"8732";0,272351294755936;0,303505964923856
"8733";0,113689139485359;0,152991121686096
"8734";0,123797744512558;0,134022127743803
"8735";0,365836381912231;0,27979472249599
"8736";0,41396152973175;0,391959208415635
"8737";0,422751426696777;0,46185582739865
"8738";0,282189249992371;0,295670945686822
"8739";0,939434826374054;1
"8740";0,408305197954178;0,483299037942112
"8741";0,221940845251083;0,175259071096614
"8742";0,64823591709137;0,553195656925126
"8743";0,563408970832825;0,654226168139513
"8744";0,748169779777527;1
"8745";0,321865439414978;0,556700797110115
"8746";0,273710399866104;0,297320423420934
"8747";0,448815405368805;0,798967839307879
"8748";0,0665552616119385;0,0967026940095092
"8749";0,818850219249725;0,747009290683337
"8750";0,518009603023529;0,489484579445033
"8751";0,270722389221191;0,198557944090952
"8752";0,443512380123138;0,149485981501107
"8753";0,399743348360062;0,256702034218416
"8754";0,675917029380798;0,671751869064457
"8755";0,30448117852211;0,338969736207273
"8756";0,60353022813797;0,536907064300766
"8757";0,939242243766785;0,981028944210539
"8758";0,515113055706024;0,350103710912532
"8759";0,293341517448425;0,22082589350147
"8760";0,417643368244171;0,412371495375277
"8761";0,305386513471603;0,356701621848982
"8762";0,324624389410019;0,277732875328349
"8763";0,507565379142761;0,442886833456357
"8764";0,447877675294876;0,442062094589301
"8765";0,428694635629654;0,359588207883679
"8766";0,446855813264847;0,351340819213117
"8767";0,781076312065125;0,652370505688636
"8768";0,0788141936063766;0,0812388402522052
"8769";0,511206090450287;0,563711077480093
"8770";0,505856335163116;0,50103092358382
"8771";0,29918447136879;0,301856487189744
"8772";0,28159773349762;0,250104123281966
"8773";0,155041739344597;0,168042606009872
"8774";0,163224086165428;0,187011599952165
"8775";0,15236634016037;0,145156102449062
"8776";0,278370082378387;0,258145327235764
"8777";0,395189672708511;0,362474793918376
"8778";0,130400225520134;0,107836668714768
"8779";0,142355561256409;0,164537465824883
"8780";0,6503666639328;0,824740928903386
"8781";0,498790860176086;0,500206184716764
"8782";0,325472801923752;0,332990379421116
"8783";0,287750720977783;0,281650384946866
"8784";0,40383568406105;0,554845134659239
"8785";0,223796159029007;0,252578339883134
"8786";0,772316336631775;0,83257594814042
"8787";0,361029952764511;0,278351429478641
"8788";0,353530198335648;0,241238180461112
"8789";0,341817736625671;0,31793889509734
"8790";0,223050236701965;0,130723172275578
"8791";0,253477066755295;0,283506047397743
"8792";0,379065185785294;0,336701704322869
"8793";0,976007163524628;1
"8794";0,490229070186615;0,423093100647008
"8795";0,312961488962173;0,387216959930062
"8796";0,165502727031708;0,172166300345153
"8797";0,279630094766617;0,18927963183657
"8798";0,35734024643898;0,320413111698508
"8799";0,464198917150497;0,523298872994338
"8800";0,111700266599655;0,149485981501107
"8801";0,690727710723877;0,579793485387689
"8802";0,480380475521088;0,473195986820673
"8803";0,196177691221237;0,214021797848256
"8804";0,759811043739319;0,536494694867238
"8805";0,998453974723816;1
"8806";0,431756973266602;0,394433425016804
"8807";0,498764872550964;0,432165228184626
"8808";0,656899869441986;0,545566822404856
"8809";0,645476937294006;0,690720863006751
"8810";0,384090602397919;0,399588042935905
"8811";0,492662101984024;0,427010610265525
"8812";0,218454852700233;0,204331116160346
"8813";0,608608603477478;0,697731143376728
"8814";0,318804860115051;0,242269104044932
"8815";0,440678089857101;0,541236943352811
"8816";0,251629114151001;0,32659865320143
"8817";0,319527357816696;0,246186613663449
"8818";0,418814241886139;0,437319846103727
"8819";0,129343762993813;0,0898985983562954
"8820";0,190508618950844;0,145362287165826
"8821";0,523457467556;0,1237128919056
"8822";0,139545008540154;0,165156019975175
"8823";0,335664987564087;0,350309895629296
"8824";0,206906720995903;0,230310390472617
"8825";0,284371703863144;0,271547333825428
"8826";0,755958557128906;0,709896041665808
"8827";0,750624060630798;0,927833287285413
"8828";0,117606326937675;0,381443787860669
"8829";0,491269528865814;0,443917757040177
"8830";0,248859122395515;0,181856982033064
"8831";0,236014097929001;0,236495931975538
"8832";0,85199236869812;1
"8833";0,17666058242321;0,192372402588031
"8834";0,517836153507233;0,588247058775015
"8835";0,405657052993774;0,358763469016623
"8836";0,219342485070229;0,215258906148841
"8837";0,230171665549278;0,184743568067761
"8838";0,218027099967003;0,192784772021559
"8839";0,740700602531433;0,784122539700867
"8840";0,120795339345932;0,13134172642587
"8841";0,599068939685822;0,527422567329619
"8842";0,303927063941956;0,353196481663993
"8843";0,474555671215057;0,748452583700686
"8844";0,488791316747665;0,445773419491054
"8845";0,151239335536957;0,12824895567441
"8846";0,229408159852028;0,214434167281784
"8847";0,158064544200897;0,199588867674772
"8848";0,466922849416733;0,345567647143723
"8849";0,388393491506577;0,324949175467318
"8850";0,187522649765015;0,168661160160164
"8851";0,550372660160065;0,56206159974598
"8852";0,607146739959717;0,567834771815374
"8853";0,148731842637062;0,203712562010054
"8854";0,257450819015503;0,204124931443582
"8855";0,339400172233582;0,202681638426233
"8856";0,310410052537918;0,292578174935361
"8857";0,598835468292236;0,768040131793271
"8858";0,184132128953934;0,113197471350634
"8859";0,426898598670959;0,362887163351904
"8860";0,304186880588531;0,305773996808261
"8861";0,650253057479858;0,633607696463107
"8862";0,081456370651722;0,0824759485527895
"8863";0,35969015955925;0,374433507490691
"8864";0,432750582695007;0,40845398575676
"8865";0,248932749032974;0,177527102981019
"8866";0,313672870397568;0,298557531721519
"8867";0,714139461517334;0,710720780532864
"8868";0,410137236118317;0,351134634496353
"8869";0,325021684169769;0,269485486657787
"8870";0,352343887090683;0,312578092461474
"8871";0,34781688451767;0,716493952602257
"8872";0,24551448225975;0,20659914804475
"8873";0,489899694919586;0,462474381548942
"8874";0,298166662454605;0,213403243697964
"8875";0,683110356330872;0,618968581572859
"8876";0,361410319805145;0,334433672438464
"8877";0,359974414110184;0,253815448183719
"8878";0,0779437571763992;0,06928012667989
"8879";0,340283930301666;0,291753436068305
"8880";0,752732992172241;0,733813468810438
"8881";0,0806976482272148;0,0816512096857333
"8882";0,485827445983887;0,37134073673923
"8883";0,745287120342255;1
"8884";0,352707952260971;0,385361297479186
"8885";0,209829404950142;0,164949835258411
"8886";0,223789542913437;0,196702281640076
"8887";0,392078578472137;0,307835843975901
"8888";0,23908831179142;0,188454892969514
"8889";0,45212709903717;0,403711737271187
"8890";0,263049393892288;0,291341066634777
"8891";0,520884871482849;0,670102391330345
"8892";0,217660441994667;0,19793938994066
"8893";0,315815806388855;0,372165475606286
"8894";0,727924466133118;0,596082078012049
"8895";0,373995840549469;0,322268774149385
"8896";0,374768704175949;0,358763469016623
"8897";0,261348694562912;0,313815200762059
"8898";0,397786378860474;0,520206102242877
"8899";0,289905786514282;0,335052226588756
"8900";0,459611058235168;0,360825316184263
"8901";0,120447151362896;0,109279961732117
"8902";0,296381026506424;0,304124519074148
"8903";0,454543799161911;0,512989637156135
"8904";0,80682361125946;0,74102993389718
"8905";0,914176404476166;0,965977459886763
"8906";0,510809898376465;0,835050164741589
"8907";0,254486352205276;0,210929027096795
"8908";0,596705913543701;0,768040131793271
"8909";0,726891696453094;0,828246069088375
"8910";0,507622838020325;0,469278477202156
"8911";0,284372955560684;0,19897031352448
"8912";0,396401941776276;0,384330373895365
"8913";0,222807049751282;0,207836256345335
"8914";0,755584895610809;0,668246728879469
"8915";0,190361440181732;0,178558026564839
"8916";0,619098961353302;0,545154452971328
"8917";0,538435459136963;0,509690681687911
"8918";0,633218348026276;0,762266959723877
"8919";0,428229212760925;0,427835349132581
"8920";0,249601989984512;0,432989967051682
"8921";0,123923897743225;0,104743897963307
"8922";0,475092768669128;0,692576525457627
"8923";0,417805969715118;0,480824821340943
"8924";0,332346051931381;0,158145739605198
"8925";0,214645519852638;0,353402666380757
"8926";0,209133431315422;0,262269021571045
"8927";0,524629533290863;0,768040131793271
"8928";0,340470194816589;0,344536723559903
"8929";0,222666293382645;0,270928779675135
"8930";0,358908921480179;0,445979604207818
"8931";0,32288670539856;0,362887163351904
"8932";0,579160809516907;0,495051566797663
"8933";0,939700245857239;0,967214568187348
"8934";0,465279519557953;0,384948928045658
"8935";0,158364608883858;0,132991204159983
"8936";0,185511484742165;0,226805250287628
"8937";0,522164821624756;0,365567564669836
"8938";0,500274300575256;0,456082655329256
"8939";0,255936443805695;0,331753271120531
"8940";0,118302159011364;0,0571152283908108
"8941";0,707335114479065;0,806802858544913
"8942";0,15629306435585;0,164125096391355
"8943";0,658596634864807;0,61340159422023
"8944";0,425520598888397;0,425361132531412
"8945";0,447231352329254;0,654432352856277
"8946";0,308834463357925;0,601442880647915
"8947";0,452748328447342;0,456082655329256
"8948";0,996970951557159;1
"8949";0,295701593160629;0,354021220531049
"8950";0,98338794708252;1
"8951";0,503743946552277;0,329897608669655
"8952";0,203077256679535;0,196289912206548
"8953";0,265318244695663;0,270104040808079
"8954";0,82226288318634;1
"8955";0,471590638160706;0,401649890103546
"8956";0,124107956886292;0,0826821332695535
"8957";0,567557156085968;0,476494942288898
"8958";0,68814617395401;0,668040544162705
"8959";0,714652717113495;0,676906486983559
"8960";0,955226182937622;1
"8961";0,386555701494217;0,3474233095946
"8962";0,936536908149719;0,847008878313904
"8963";0,250312775373459;0,223712479536167
"8964";0,834632039070129;0,69525692677556
"8965";0,304991662502289;0,352990296947229
"8966";0,44462588429451;0,977111434592022
"8967";0,879533886909485;1
"8968";0,393383771181107;0,366598488253657
"8969";0,618463158607483;0,552989472208362
"8970";0,227841347455978;0,160001402056074
"8971";0,762977004051208;0,789895711770261
"8972";0,294541239738464;0,223918664252931
"8973";0,422472417354584;0,570102803699779
"8974";0,637522399425507;0,615875810821399
"8975";0,192866712808609;0,169898268460749
"8976";0,407761007547379;0,999997938152832
"8977";0,222587242722511;0,401237520670018
"8978";0,199588254094124;0,224949587836751
"8979";0,31421235203743;0,267217454773382
"8980";0,556672096252441;0,539381280901934
"8981";0,289942622184753;0,25134123158255
"8982";0,157617047429085;0,147424134333467
"8983";0,474827140569687;0,45319606929456
"8984";0,686996757984161;0,670927130197401
"8985";0,801472425460815;0,568865695399194
"8986";0,285254687070847;0,289691588900664
"8987";0,971299052238464;1
"8988";0,409379065036774;0,348041863744892
"8989";0,424966901540756;0,319588372831452
"8990";0,795919954776764;0,836287273042173
"8991";0,670076012611389;0,690720863006751
"8992";0,109661348164082;0,0934037385412844
"8993";0,174115583300591;0,192990956738323
"8994";0,646474182605743;0,742267042197764
"8995";0,324760317802429;0,293815283235945
"8996";0,236489117145538;0,278351429478641
"8997";0,381447821855545;0,328454315652307
"8998";0,432116389274597;0,350928449779589
"8999";0,190758988261223;0,172372485061917
"9000";0,9598628282547;0,816081170799296
"9001";0,12652313709259;0,224331033686459
"9002";0,203372582793236;0,134640681894095
"9003";0,451502680778503;0,492164980762966
"9004";0,226689413189888;0,256289664784887
"9005";0,674490213394165;0,690720863006751
"9006";0,355999618768692;0,578762561803869
"9007";0,124109037220478;0,158145739605198
"9008";0,217533782124519;0,14350662471495
"9009";0,632488369941711;0,583092440855914
"9010";0,467529505491257;0,323505882449969
"9011";0,298394739627838;0,390103545964759
"9012";0,165764555335045;0,215465090865605
"9013";0,30222886800766;0,292578174935361
"9014";0,319996982812881;0,294227652669474
"9015";0,146374896168709;0,111135624182993
"9016";0,931923687458038;1
"9017";0,364708065986633;0,40288699840413
"9018";0,271959125995636;0,216083645015897
"9019";0,883458077907562;0,859379961319747
"9020";0,272837936878204;0,287629741733024
"9021";0,382583320140839;0,288660665316844
"9022";0,273902386426926;0,269897856091315
"9023";0,283501654863358;0,304949257941204
"9024";0,548032402992249;0,491752611329438
"9025";0,165409833192825;0,149898350934635
"9026";0,998512327671051;1
"9027";0,467792689800262;0,411752941224985
"9028";0,575972259044647;0,573607943884767
"9029";0,229551315307617;0,292578174935361
"9030";0,61805260181427;0,420618884045839
"9031";0,348983377218246;0,411959125941749
"9032";0,214527860283852;0,197114651073604
"9033";0,396208226680756;0,428247718566109
"9034";0,391138255596161;0,432577597618154
"9035";0,189020693302155;0,129486063974994
"9036";0,243440732359886;0,264743238172214
"9037";0,326564133167267;0,246186613663449
"9038";0,625069975852966;0,7105145958161
"9039";0,264874160289764;0,304124519074148
"9040";0,96167254447937;1
"9041";0,133249908685684;0,147011764899939
"9042";0,576647877693176;0,572989389734475
"9043";0,113185040652752;0,118970643420027
"9044";0,255926996469498;0,251135046865786
"9045";0,231143668293953;0,264949422888978
"9046";0,428875774145126;0,387216959930062
"9047";0,421827405691147;0,482268114358291
"9048";0,429933249950409;0,438556954404312
"9049";0,140727534890175;0,117114980969151
"9050";0,192443668842316;0,159176663189018
"9051";0,314470738172531;0,269691671374551
"9052";0,611060082912445;0,557937905410699
"9053";0,648317873477936;0,682679659052952
"9054";0,498012781143188;0,440206432138424
"9055";0,346978634595871;0,305361627374732
"9056";0,541407525539398;0,514639114890248
"9057";0,308233946561813;0,312784277178238
"9058";0,513918161392212;0,491958796046202
"9059";0,651398718357086;0,649896289087468
"9060";0,34604412317276;0,244330951212572
"9061";0,288525521755219;0,239794887443763
"9062";0,650749206542969;0,896905579770805
"9063";0,330125123262405;0,293402913802417
"9064";0,271408379077911;0,287835926449788
"9065";0,4284687936306;0,424330208947592
"9066";0,320641458034515;0,34845423317842
"9067";0,380245387554169;0,294021467952709
"9068";0,573142826557159;0,896905579770805
"9069";0,384371072053909;0,372165475606286
"9070";0,148772299289703;0,109898515882409
"9071";0,28261810541153;0,33216564055406
"9072";0,858784019947052;0,76494736104181
"9073";0,375315994024277;0,418969406311727
"9074";0,223419263958931;0,254846371767539
"9075";0,0778231471776962;0,0894862289227673
"9076";0,175037831068039;0,214021797848256
"9077";0,274499773979187;0,412990049525569
"9078";0,891545951366425;1
"9079";0,363657474517822;0,510309235838203
"9080";0,116406977176666;0,0868058276048346
"9081";0,101470306515694;0,175259071096614
"9082";0,242730781435966;0,245774244229921
"9083";0,564242303371429;0,409072539907052
"9084";0,355850964784622;0,530721522797844
"9085";0,899507284164429;0,843091368695387
"9086";0,605309784412384;0,578968746520633
"9087";0,553230702877045;0,559381198428048
"9088";0,387927025556564;0,397526195768265
"9089";0,426431566476822;0,47051558550274
"9090";0,241886854171753;0,199382682958008
"9091";0,264195650815964;0,199382682958008
"9092";0,532643258571625;0,464330043999819
"9093";0,373137712478638;0,663298295677131
"9094";0,290229827165604;0,366186118820129
"9095";0,207753777503967;0,205980593894458
"9096";0,300926715135574;0,304124519074148
"9097";0,309197336435318;0,253815448183719
"9098";0,440620630979538;0,3657737493866
"9099";0,543920993804932;0,476288757572134
"9100";0,878471076488495;0,781854507816463
"9101";0,363461852073669;0,412783864808805
"9102";0,426260024309158;0,429278642149929
"9103";0,491430640220642;0,201032160692121
"9104";0,74653685092926;0,953194007447392
"9105";0,339001595973969;0,336083150172577
"9106";0,269193202257156;0,261444282703989
"9107";0,691924095153809;0,708865118081987
"9108";0,311119467020035;0,262681391004573
"9109";0,125702232122421;0,103919159096251
"9110";0,30417588353157;0,182063166749828
"9111";0,3184455037117;0,574845052185352
"9112";0,609925150871277;0,674226085665626
"9113";0,54102635383606;0,700411544694661
"9114";0,155123963952065;0,145774656599354
"9115";0,519811749458313;0,252578339883134
"9116";0,882499873638153;0,805771934961093
"9117";0,311432272195816;0,31031006057707
"9118";0,538623988628387;0,793813221388778
"9119";0,337283998727798;0,295670945686822
"9120";0,414914011955261;0,65711275417421
"9121";0,523015737533569;0,53608232543371
"9122";0,713721811771393;0,757524711238304
"9123";0,208907797932625;0,16742405185958
"9124";0,584381461143494;0,890307668834355
"9125";0,0863873958587646;0,0894862289227673
"9126";0,157356128096581;0,421443622912895
"9127";0,546566188335419;0,47711349643919
"9128";0,616422414779663;0,580618224254745
"9129";0,222834140062332;0,292578174935361
"9130";0,235495075583458;0,303299780207092
"9131";0,55098819732666;0,550721440323957
"9132";0,324456393718719;0,28082564607981
"9133";0,433124125003815;0,369278889571589
"9134";0,304740965366364;0,376907724091859
"9135";0,634796917438507;0,71257644298374
"9136";0,102880120277405;0,109898515882409
"9137";0,21468298137188;0,368660335421297
"9138";0,604376912117004;0,523298872994338
"9139";0,491502732038498;0,495670120947955
"9140";0,216669097542763;0,206805332761514
"9141";0,105387352406979;0,050311132737597
"9142";0,289468973875046;0,335052226588756
"9143";0,94853687286377;0,713194997134032
"9144";0,223757818341255;0,238351594426415
"9145";0,571866750717163;0,68865901583911
"9146";0,669025540351868;0,746803105966573
"9147";0,067331463098526;0,0783522542175084
"9148";0,226628229022026;0,16948589902722
"9149";0,557166457176208;0,564329631630385
"9150";0,200670629739761;0,214021797848256
"9151";0,153040304780006;0,0727852668648789
"9152";0,314323961734772;0,45422699287838
"9153";0,476953774690628;0,394433425016804
"9154";0,292275726795197;0,280000907212754
"9155";0,342933654785156;0,373814953340399
"9156";0,633508801460266;0,618968581572859
"9157";0,0929822474718094;0,0977336175933295
"9158";0,474193513393402;0,442886833456357
"9159";0,335882037878036;0,341031583374914
"9160";0,725920379161835;0,729071220324865
"9161";0,484467387199402;0,451752776277211
"9162";0,301268577575684;0,281650384946866
"9163";0,392365247011185;0,336907889039633
"9164";0,159108355641365;0,149485981501107
"9165";0,163256898522377;0,125980923790005
"9166";0,318715274333954;0,404742660855007
"9167";0,28791531920433;0,238763963859943
"9168";0,514069676399231;0,504329879052045
"9169";0,336073309183121;0,436701291953435
"9170";0,421955227851868;0,252578339883134
"9171";0,246673583984375;0,304124519074148
"9172";0,4043810069561;0,375876800508039
"9173";0,5931436419487;0,53608232543371
"9174";0,3289854824543;0,243918581779044
"9175";0,439580172300339;0,454020808161616
"9176";0,782418072223663;0,53608232543371
"9177";0,164713054895401;0,165156019975175
"9178";0,258880853652954;0,301650302472979
"9179";0,234394758939743;0,203300192576525
"9180";0,174446806311607;0,169279714310456
"9181";0,420495599508286;0,404124106704715
"9182";0,257136285305023;0,16742405185958
"9183";0,266810655593872;0,209691918796211
"9184";0,75852108001709;1
"9185";0,545151174068451;0,552989472208362
"9186";0,237626552581787;0,252578339883134
"9187";0,237823292613029;0,201856899559177
"9188";0,868587672710419;0,899585981088738
"9189";0,141243293881416;0,138764376229376
"9190";0,343768119812012;0,24371239706228
"9191";0,267113655805588;0,224331033686459
"9192";0,0874112620949745;0,0738161904486992
"9193";0,0837874636054039;0,0674244642290135
"9194";0,449073135852814;0,535463771283417
"9195";0,47208759188652;0,391753023698871
"9196";0,971802592277527;1
"9197";0,596758246421814;0,439381693271368
"9198";0,225403800606728;0,229073282172032
"9199";0,113789647817612;0,117321165685915
"9200";0,871966421604156;0,578350192370341
"9201";0,409040868282318;0,431134304600806
"9202";0,10973171889782;0,120413936437376
"9203";0,435760706663132;0,484536146242696
"9204";0,285986840724945;0,334639857155228
"9205";0,190433621406555;0,287217372299496
"9206";0,335884064435959;0,432989967051682
"9207";0,891972482204437;0,855668636417994
"9208";0,442990273237228;0,312784277178238
"9209";0,332785487174988;0,444536311190469
"9210";0,712646842002869;0,96989496950528
"9211";0,257103383541107;0,287217372299496
"9212";0,225590586662292;0,223506294819403
"9213";0,568764746189117;0,540824573919283
"9214";0,128269150853157;0,115259318518274
"9215";0,417856782674789;0,257732957802236
"9216";0,512390732765198;0,53608232543371
"9217";0,16730435192585;0,151754013385512
"9218";0,312386095523834;0,221650632368526
"9219";0,458487093448639;0,449278559676043
"9220";0,506985783576965;0,557731720693935
"9221";0,212013185024261;0,167630236576344
"9222";0,205442726612091;0,171547746194861
"9223";0,417545944452286;0,416289004993794
"9224";0,421033918857574;0,321237850565565
"9225";0,238356485962868;0,259794804969876
"9226";0,177728265523911;0,151341643951984
"9227";0,465383917093277;0,636700467214568
"9228";0,289217591285706;0,186186861085109
"9229";0,782714366912842;0,909895216926941
"9230";0,211092814803123;0,121857229454724
"9231";0,327272295951843;0,352990296947229
"9232";0,439635872840881;0,496907229248539
"9233";0,605417370796204;0,555876058243059
"9234";0,687421143054962;0,596082078012049
"9235";0,516351819038391;0,459587795514245
"9236";0,417899787425995;0,439587877988132
"9237";0,672530591487885;0,654844722289805
"9238";0,629580914974213;0,774844227446485
"9239";0,173512727022171;0,179176580715131
"9240";0,599299788475037;1
"9241";0,951801955699921;0,933194089921279
"9242";0,751670777797699;0,990925810615214
"9243";0,310204297304153;0,321856404715857
"9244";0,283787488937378;0,327423392068486
"9245";0,323239475488663;0,391134469548579
"9246";0,360958695411682;0,36371190221896
"9247";0,0812005028128624;0,07690896120016
"9248";0,12673619389534;0,108249038148296
"9249";0,267985939979553;0,234227900091134
"9250";0,234320312738419;0,174846701663086
"9251";0,195380434393883;0,188248708252749
"9252";0,993026912212372;1
"9253";0,322564423084259;0,343505799976083
"9254";0,263033956289291;0,216496014449425
"9255";0,127528801560402;0,0828883179863176
"9256";0,723783314228058;0,726390819006932
"9257";0,304070115089417;0,29711423870417
"9258";0,30028972029686;0,212372320114144
"9259";0,191964507102966;0,294021467952709
"9260";0,250095576047897;0,355670698265162
"9261";0,767404198646545;0,501237108300584
"9262";0,289442390203476;0,311134799444126
"9263";0,259584426879883;0,221650632368526
"9264";0,290542006492615;0,305773996808261
"9265";0,714232921600342;0,80865852099579
"9266";0,285460859537125;0,369691259005118
"9267";0,247965544462204;0,233196976507313
"9268";0,261500418186188;0,292578174935361
"9269";0,298251897096634;0,244330951212572
"9270";0,443953186273575;0,501649477734112
"9271";0,371436178684235;0,360825316184263
"9272";0,141866892576218;0,16082614092313
"9273";0,342147886753082;0,275671028160709
"9274";0,421133399009705;0,434227075352267
"9275";0,489256739616394;0,434639444785795
"9276";0,473223119974136;0,552577102774834
"9277";0,297265589237213;0,484536146242696
"9278";0,206238508224487;0,194640434472435
"9279";0,570706844329834;0,529278229780496
"9280";0,545475125312805;0,542267866936631
"9281";0,984875977039337;1
"9282";0,306838929653168;0,380825233710376
"9283";0,257817894220352;0,271753518542192
"9284";0,475917875766754;0,441649725155773
"9285";0,673177540302277;0,56969043426625
"9286";0,3355792760849;0,302475041340036
"9287";0,140914067625999;0,116496426818858
"9288";0,131741508841515;0,137733452645556
"9289";0,152074471116066;0,157733370171669
"9290";0,3234683573246;0,299176085871811
"9291";0,52721905708313;0,398350934635321
"9292";0,329885393381119;0,3657737493866
"9293";0,09135901927948;0,095671770425689
"9294";0,435165226459503;0,432989967051682
"9295";0,866732835769653;0,743710335215113
"9296";0,403126657009125;0,427010610265525
"9297";0,434171825647354;0,490309318312089
"9298";0,867854654788971;1
"9299";0,727261543273926;0,595669708578521
"9300";0,517411351203918;0,625978861942837
"9301";0,369313627481461;0,375052061640983
"9302";0,291655421257019;0,295464760970058
"9303";0,149330228567123;0,197320835790368
"9304";0,222448647022247;0,196289912206548
"9305";0,50662636756897;0,464948598150111
"9306";0,5501988530159;0,493814458497078
"9307";0,998045742511749;1
"9308";0,216624841094017;0,256083480068123
"9309";0,51951003074646;0,458556871930425
"9310";0,901318728923798;1
"9311";0,57208114862442;0,466598075884223
"9312";0,274249911308289;0,447010527791638
"9313";0,186645820736885;0,22845472802174
"9314";0,790188431739807;0,804122457226981
"9315";0,470354467630386;0,484536146242696
"9316";0,136080697178841;0,162475618657243
"9317";0,507018089294434;0,559793567861576
"9318";0,149862840771675;0,201032160692121
"9319";0,163895219564438;0,216496014449425
"9320";0,44587504863739;0,513402006589664
"9321";0,382848381996155;0,404330291421479
"9322";0,236869797110558;0,320413111698508
"9323";0,49059134721756;0,896905579770805
"9324";0,34935051202774;0,334433672438464
"9325";0,344473272562027;0,331340901687003
"9326";0,572157502174377;0,545979191838384
"9327";0,458789706230164;0,527216382612855
"9328";0,338470995426178;0,361856239768083
"9329";0,272390514612198;0,252165970449606
"9330";0,42483976483345;0,459793980231009
"9331";0,258908271789551;0,367423227120713
"9332";0,104493297636509;0,0812388402522052
"9333";0,120747081935406;0,0913418913736438
"9334";0,686580002307892;1
"9335";0,328758031129837;0,355464513548398
"9336";0,829810440540314;0,685978614521177
"9337";0,782874822616577;0,701030098844953
"9338";0,452511221170425;0,440412616855188
"9339";0,316912800073624;0,307011105108845
"9340";0,893893122673035;1
"9341";0,615337908267975;0,709689856949044
"9342";0,487585842609406;0,513608191306428
"9343";0,123198382556438;0,0746409293157554
"9344";0,993747293949127;1
"9345";0,0794616118073463;0,0624760310266762
"9346";0,397546410560608;0,314227570195587
"9347";0,147374376654625;0,172578669778681
"9348";0,637384831905365;0,728246481457808
"9349";0,40554815530777;0,369072704854825
"9350";0,309578686952591;0,2894854041839
"9351";0,840301394462585;0,822060527585453
"9352";0,217815563082695;0,311547168877654
"9353";0,236327722668648;0,258351511952528
"9354";0,510062992572784;0,458763056647189
"9355";0,303745418787003;0,434227075352267
"9356";0,317506343126297;0,296289499837114
"9357";0,268443793058395;0,239382518010235
"9358";0,138411059975624;0,095877955142453
"9359";0,628079652786255;0,658968416625086
"9360";0,421765446662903;0,353608851097521
"9361";0,799298644065857;1
"9362";0,378709584474564;0,321237850565565
"9363";0,207435786724091;0,155877707720793
"9364";0,330680221319199;0,346598570727543
"9365";0,983037889003754;1
"9366";0,673827290534973;0,734019653527202
"9367";0,812953412532806;0,753401016903023
"9368";0,548435926437378;0,482268114358291
"9369";0,505727529525757;0,510309235838203
"9370";0,142074018716812;0,139176745662904
"9371";0,220166131854057;0,300619378889159
"9372";0,668829262256622;0,574845052185352
"9373";0,511635005474091;0,492989719630022
"9374";0,664171993732452;0,706390901480819
"9375";0,235365480184555;0,201032160692121
"9376";0,140140607953072;0,118970643420027
"9377";0,0961285606026649;0,0680430183793057
"9378";0,39947184920311;0,484536146242696
"9379";0,282220035791397;0,347010940161071
"9380";0,404592663049698;0,149485981501107
"9381";0,123373053967953;0,112166547766813
"9382";0,307633191347122;0,355670698265162
"9383";0,144579648971558;0,219382600484122
"9384";0,414194643497467;0,538762726751642
"9385";0,345489352941513;0,298969901155047
"9386";0,475941032171249;0,363093348068668
"9387";0,240107968449593;0,2131970589812
"9388";0,235028490424156;0,216702199166189
"9389";0,242539674043655;0,260413359120169
"9390";0,305833756923676;0,266805085339854
"9391";0,320549249649048;0,271547333825428
"9392";0,28349906206131;0,295464760970058
"9393";0,68660694360733;0,659586970775378
"9394";0,353381454944611;0,210310472946503
"9395";0,524962425231934;0,705359977896998
"9396";0,338312357664108;0,309072952276485
"9397";0,17950913310051;0,134846866610859
"9398";0,382783263921738;0,424124024230828
"9399";0,973618388175964;1
"9400";0,332543104887009;0,299588455305339
"9401";0,175839439034462;0,0964965092927452
"9402";0,49672070145607;0,437319846103727
"9403";0,36854949593544;0,283299862680979
"9404";0,470954835414886;0,602061434798207
"9405";0,285332649946213;0,326392468484666
"9406";0,48301100730896;0,489072210011505
"9407";0,37281522154808;0,304124519074148
"9408";0,339519470930099;0,12062012115414
"9409";0,149816662073135;0,125568554356477
"9410";0,345694035291672;0,300825563605923
"9411";0,212004512548447;0,116908796252387
"9412";0,42733159661293;0,896905579770805
"9413";0,128253474831581;0,194021880322143
"9414";0,832112610340118;0,792163743654665
"9415";0,359544962644577;0,715875398451965
"9416";0,35942530632019;0,348866602611948
"9417";0,482209324836731;0,427216794982289
"9418";0,39783102273941;0,435876553086379
"9419";0,267984628677368;0,296908053987406
"9420";0,639747738838196;0,792576113088193
"9421";0,213389426469803;0,155052968853737
"9422";0,468228429555893;0,395464348600624
"9423";0,315135151147842;0,437732215537255
"9424";0,454092472791672;0,445979604207818
"9425";0,271457970142365;0,277939060045113
"9426";0,382258892059326;0,563917262196857
"9427";0,242808625102043;0,179176580715131
"9428";0,131871864199638;0,122888153038544
"9429";0,182651430368423;0,146187026032882
"9430";0,403688758611679;0,57422649803506
"9431";0,38043349981308;0,494845382080899
"9432";0,264106124639511;0,362268609201612
"9433";0,332193285226822;0,226805250287628
"9434";0,318960070610046;0,327835761502014
"9435";0,336812317371368;0,42474257838112
"9436";0,512869477272034;0,530927707514608
"9437";0,728081047534943;0,703091946012594
"9438";0,62996631860733;0,493608273780314
"9439";0,270086526870728;0,164125096391355
"9440";0,131267100572586;0,192372402588031
"9441";0,472049683332443;0,361443870334555
"9442";0,26745218038559;0,252578339883134
"9443";0,4444620013237;0,328248130935543
"9444";0,515338718891144;0,478762974173302
"9445";0,608439207077026;0,648246811353355
"9446";0,458578705787659;0,341237768091678
"9447";0,209556549787521;0,238351594426415
"9448";0,324259430170059;0,341443952808442
"9449";0,189667776226997;0,195465173339491
"9450";0,344106942415237;0,349691341479004
"9451";0,326947450637817;0,368660335421297
"9452";0,218663096427917;0,182269351466592
"9453";0,529093384742737;0,465567152300403
"9454";0,934650421142578;1
"9455";0,398397624492645;0,484536146242696
"9456";0,867315292358398;0,845565585296555
"9457";0,538655161857605;0,580205854821217
"9458";0,206772804260254;0,242887658195224
"9459";0,127702757716179;0,154640599420209
"9460";0,998347282409668;1
"9461";0,199785009026527;0,164537465824883
"9462";0,256509304046631;0,263093760438101
"9463";0,265017360448837;0,389072622380939
"9464";0,379331678152084;0,299176085871811
"9465";0,444944053888321;0,670102391330345
"9466";0,739305078983307;0,70288576129583
"9467";0,0551494956016541;0,0653626170613729
"9468";0,163864970207214;0,111754178333285
"9469";0,376817256212234;0,501649477734112
"9470";0,167695790529251;0,167011682426052
"9471";0,319765657186508;0,321031665848801
"9472";0,657432556152344;0,518968993942293
"9473";0,425511866807938;0,430721935167278
"9474";0,119865916669369;0
"9475";0,952321410179138;0,76391643745799
"9476";0,250775963068008;0,164949835258411
"9477";0,709893226623535;0,694019818474975
"9478";0,385302484035492;0,353815035814285
"9479";0,240467727184296;0,2131970589812
"9480";0,556777715682983;0,470927954936268
"9481";0,316024094820023;0,355670698265162
"9482";0,0805831477046013;0,0589708908416873
"9483";0,423444300889969;0,43134048931757
"9484";0,144118085503578;0,112166547766813
"9485";0,270991146564484;0,424124024230828
"9486";0,314573526382446;0,311547168877654
"9487";0,745083510875702;0,674638455099154
"9488";0,185309395194054;0,143712809431714
"9489";0,33757695555687;0,168867344876928
"9490";0,698257982730865;0,683916767353537
"9491";0,117784135043621;0,143300439998186
"9492";0,175076529383659;0,1369087137785
"9493";0,376381009817123;0,260413359120169
"9494";0,91894394159317;1
"9495";0,190977782011032;0,189485816553334
"9496";0,887863457202911;0,884122127331434
"9497";0,99821937084198;1
"9498";0,28222593665123;0,368660335421297
"9499";0,41987732052803;0,367217042403949
"9500";0,231892183423042;0,323299697733205
"9501";0,417763620615005;0,322268774149385
"9502";0,286294221878052;0,402062259537074
"9503";0,322110593318939;0,311134799444126
"9504";0,115796379745007;0,0865996428880706
"9505";0,521327316761017;0,504123694335281
"9506";0,863020300865173;1
"9507";0,236945316195488;0,304124519074148
"9508";0,235490456223488;0,38000049484332
"9509";0,470365613698959;0,455876470612492
"9510";0,50663286447525;0,62762833967695
"9511";0,169904977083206;0,148867427350815
"9512";0,304649114608765;0,195052803905963
"9513";0,321899503469467;0,50659791093645
"9514";0,602800011634827;0,602061434798207
"9515";0,278175979852676;0,283918416831271
"9516";0,725591540336609;0,724328971839291
"9517";0,384016156196594;0,403917921987951
"9518";0,19427627325058;0,109073777015353
"9519";0,301704615354538;0,245361874796393
"9520";0,345743656158447;0,378351017109208
"9521";0,402041733264923;0,68103018131884
"9522";0,582625031471252;0,592989307260589
"9523";0,114211797714233;0,116496426818858
"9524";0,269180834293365;0,279176168345698
"9525";0,266921311616898;0,291341066634777
"9526";0,260787487030029;0,166805497709288
"9527";0,221348464488983;0,180413689015715
"9528";0,396986931562424;0,459587795514245
"9529";0,527171790599823;0,587628504624723
"9530";0,196837276220322;0,197527020507132
"9531";0,314073652029037;0,349072787328712
"9532";0,589662969112396;0,478556789456538
"9533";0,236521229147911;0,173403408645738
"9534";0,488228231668472;0,300825563605923
"9535";0,0917074829339981;0,08453779572043
"9536";0,38774037361145;0,293609098519181
"9537";0,232651919126511;0,228248543304976
"9538";0,763503789901733;1
"9539";0,372125536203384;0,49237116547973
"9540";0,327785551548004;0,415876635560266
"9541";0,476356506347656;0,349278972045476
"9542";0,418533504009247;0,398557119352085
"9543";0,935063183307648;1
"9544";0,367622494697571;0,450103298543099
"9545";0,271568238735199;0,287835926449788
"9546";0,269280195236206;0,271959703258956
"9547";0,113808795809746;0,0950532162753968
"9548";0,326238095760345;0,401031335953254
"9549";0,515948593616486;0,521030841109934
"9550";0,383942067623138;0,4105158329244
"9551";0,315795838832855;0,313402831328531
"9552";0,52657014131546;0,459175426080717
"9553";0,24126735329628;0,321237850565565
"9554";0,25104957818985;0,20350637729329
"9555";0,666610598564148;0,605978944416724
"9556";0,40964475274086;0,361031500901027
"9557";0,534631013870239;0,377113908808623
"9558";0,0831672325730324;0,0606203685757997
"9559";0,683728218078613;0,577731638220049
"9560";0,366158157587051;0,337114073756397
"9561";0,914046168327332;1
"9562";0,988490164279938;1
"9563";0,551695346832275;0,539381280901934
"9564";0,970195710659027;1
"9565";0,413542360067368;0,378144832392444
"9566";0,557727515697479;0,486185623976808
"9567";0,86065798997879;0,690720863006751
"9568";0,393288522958755;0,409691094057344
"9569";0,779412746429443;0,690720863006751
"9570";0,337793231010437;0,999997938152832
"9571";0,352136611938477;0,307835843975901
"9572";0,155865654349327;0,131135541709106
"9573";0,137676656246185;0,165980758842232
"9574";0,375946521759033;0,278351429478641
"9575";0,430895209312439;0,354845959398106
"9576";0,456987857818604;0,496494859815011
"9577";0,570078372955322;1
"9578";0,525487303733826;0,691133232440279
"9579";0,873040914535522;0,892988070152288
"9580";0,487577974796295;0,436701291953435
"9581";0,237796172499657;0,178970395998367
"9582";0,270699799060822;0,256289664784887
"9583";0,336252510547638;0,290103958334192
"9584";0,579488575458527;0,634432435330164
"9585";0,524229288101196;0,329897608669655
"9586";0,455807566642761;0,462474381548942
"9587";0,134899020195007;0,0595894449919794
"9588";0,397483915090561;0,355670698265162
"9589";0,152796640992165;0,140620038680253
"9590";0,126209393143654;0,0979398023100936
"9591";0,620720565319061;0,532164815815192
"9592";0,222045853734016;0,295464760970058
"9593";0,561772227287292;0,497525783398831
"9594";0,899762272834778;1
"9595";0,538532555103302;0,43030956573375
"9596";0,253721117973328;0,335876965455813
"9597";0,980444073677063;1
"9598";0,226306885480881;0,245774244229921
"9599";0,245575591921806;0,149485981501107
"9600";0,231384411454201;0,201032160692121
"9601";0,160328477621078;0,15979521733931
"9602";0,642347276210785;0,679586888301491
"9603";0,485507845878601;0,431959043467862
"9604";0,392616182565689;0,40185607482031
"9605";0,454972386360168;0,714844474868145
"9606";0,355970442295074;0,368660335421297
"9607";0,479281604290009;0,449072374959279
"9608";0,132651373744011;0,136702529061736
"9609";0,996868968009949;1
"9610";0,673623561859131;0,630514925711647
"9611";0,399388909339905;0,639174683815737
"9612";0,245073288679123;0,274021550426596
"9613";0,107266493141651;0,0874243817551268
"9614";0,676134884357452;0,721030016371067
"9615";0,297583252191544;0,690720863006751
"9616";0,441048353910446;0,580824408971509
"9617";0,218147605657578;0,26556797703927
"9618";0,678638517856598;0,676081748116503
"9619";0,249862685799599;0,128867509824702
"9620";0,359172165393829;0,34185632224197
"9621";0,436740279197693;0,37340258390687
"9622";0,194433763623238;0,231959868206729
"9623";0,256117165088654;0,255258741201067
"9624";0,50280237197876;0,631339664578703
"9625";0,299153059720993;0,244949505362864
"9626";0,25114893913269;0,278969983628933
"9627";0,194662541151047;0,443711572323413
"9628";0,363776117563248;0,317526525663812
"9629";0,265077739953995;0,203918746726818
"9630";0,404585540294647;0,330928532253475
"9631";0,148995578289032;0,20453730087711
"9632";0,990700244903564;1
"9633";0,996125876903534;1
"9634";0,285875350236893;0,64391693230131
"9635";0,612196028232574;0,742267042197764
"9636";0,326428592205048;0,474433095121257
"9637";0,355485767126083;0,419381775745255
"9638";0,303107649087906;0,29711423870417
"9639";0,58418744802475;0,432989967051682
"9640";0,339399963617325;0,322474958866149
"9641";0,38040766119957;0,42268073121348
"9642";0,514237403869629;0,449690929109571
"9643";0,2077606767416;0,147424134333467
"9644";0,109625689685345;0,132372650009691
"9645";0,143496155738831;0,0915480760904079
"9646";0,972727596759796;1
"9647";0,551267087459564;0,625978861942837
"9648";0,383755743503571;0,518968993942293
"9649";0,420633763074875;0,402680813687366
"9650";0,262740224599838;0,258351511952528
"9651";0,282923579216003;0,177114733547491
"9652";0,512937545776367;0,630721110428411
"9653";0,399884760379791;0,355670698265162
"9654";0,674667954444885;0,501649477734112
"9655";0,28912153840065;0,250722677432258
"9656";0,46654212474823;0,486185623976808
"9657";0,199575677514076;0,235465008391718
"9658";0,203571513295174;0,150310720368163
"9659";0,874735832214355;0,880410802429681
"9660";0,100411832332611;0,0865996428880706
"9661";0,244466200470924;0,194640434472435
"9662";0,319696694612503;0,249691753848438
"9663";0,5347700715065;0,679793073018256
"9664";0,138143166899681;0,120413936437376
"9665";0,340394705533981;0,4237116547973
"9666";0,134760901331902;0,119589197570319
"9667";0,201478764414787;0,186805415235401
"9668";0,370700031518936;0,384948928045658
"9669";0,654220283031464;0,615669626104635
"9670";0,37808620929718;0,385361297479186
"9671";0,680364906787872;0,562473969179509
"9672";0,676847517490387;1
"9673";0,313258796930313;0,198557944090952
"9674";0,235817342996597;0,175259071096614
"9675";0,226153209805489;0,207630071628571
"9676";0,296620517969131;0,328041946218778
"9677";0,986370742321014;1
"9678";0,992455959320068;1
"9679";0,289977639913559;0,415258081409974
"9680";0,306418001651764;0,239794887443763
"9681";0,535908818244934;0,404124106704715
"9682";0,292667657136917;0,288660665316844
"9683";0,235039621591568;0,207630071628571
"9684";0,359332740306854;0,299382270588575
"9685";0,0933077782392502;0,0903109677898235
"9686";0,418693661689758;0,270722594958371
"9687";0,309326589107513;0,337732627906689
"9688";0,24599714577198;0,298969901155047
"9689";0,295806467533112;0,307011105108845
"9690";0,388326436281204;0,315258493779407
"9691";0,357398420572281;0,423299285363772
"9692";0,260544061660767;0,305773996808261
"9693";0,106446616351604;0,0721667127145867
"9694";0,376958936452866;0,226805250287628
"9695";0,995078146457672;1
"9696";0,424872756004333;0,398763304068849
"9697";0,556174278259277;0,676494117550031
"9698";0,426785349845886;0,488453655861213
"9699";0,511396586894989;0,454845547028672
"9700";0,398226916790009;0,355670698265162
"9701";0,768274307250977;1
"9702";0,652598142623901;0,697112589226436
"9703";0,613595068454742;0,595669708578521
"9704";0,277484834194183;0,249897938565202
"9705";0,949577391147614;1
"9706";0,621951103210449;0,691133232440279
"9707";0,93757039308548;1
"9708";0,281858265399933;0,362062424484847
"9709";0,339430004358292;0,311753353594418
"9710";0,482611864805222;0,331959455837296
"9711";0,439111173152924;0,742267042197764
"9712";0,505670666694641;0,659793155492142
"9713";0,260011941194534;0,221032078218234
"9714";0,189375594258308;0,172991039212209
"9715";0,203708693385124;0,160619956206366
"9716";0,297975718975067;0,258557696669292
"9717";0,959155797958374;1
"9718";0,242241427302361;0,201032160692121
"9719";0,248209357261658;0,252578339883134
"9720";0,156439691781998;0,209691918796211
"9721";0,23925656080246;0,311959538311182
"9722";0,266902923583984;0,172784854495445
"9723";0,407304286956787;0,522474134127282
"9724";0,938282370567322;0,797318361573767
"9725";0,786049962043762;0,83257594814042
"9726";0,487828999757767;0,464536228716583
"9727";0,272171497344971;0,253815448183719
"9728";0,359793603420258;0,36474282580278
"9729";0,172845184803009;0,142269516414365
"9730";0,202900975942612;0,223712479536167
"9731";0,227367371320724;0,282475123813922
"9732";0,25831612944603;0,344536723559903
"9733";0,526955425739288;0,667421990012412
"9734";0,441578835248947;0,32762957678525
"9735";0,164093896746635;0,288660665316844
"9736";0,0937106013298035;0,112166547766813
"9737";0,549164593219757;0,597525371029398
"9738";0,368519872426987;0,482680483791819
"9739";0,236969545483589;0,175259071096614
"9740";0,899349868297577;1
"9741";0,517802596092224;0,475464018705077
"9742";0,457188308238983;0,483505222658876
"9743";0,348377615213394;0,262887575721337
"9744";0,320137619972229;0,318557449247632
"9745";0,304836243391037;0,414020973109389
"9746";0,233407855033875;0,290722512484485
"9747";0,305911839008331;0,246186613663449
"9748";0,186499997973442;0,170929192044569
"9749";0,655277013778687;1
"9750";0,322184950113297;0,359588207883679
"9751";0,242465659976006;0,16639312827576
"9752";0,228477850556374;0,222681555952347
"9753";0,109110042452812;0,0676306489457775
"9754";0,369644671678543;0,304124519074148
"9755";0,362105786800385;0,427422979699053
"9756";0,237248480319977;0,217939307466773
"9757";0,320211917161942;0,270928779675135
"9758";0,312069177627563;0,415876635560266
"9759";0,242222428321838;0,276495767027765
"9760";0,191663444042206;0,183094090333648
"9761";0,444630354642868;0,424124024230828
"9762";0,444115728139877;0,330722347536711
"9763";0,408352911472321;0,278351429478641
"9764";0,342785388231277;0,388247883513882
"9765";0,115172624588013;0,167011682426052
"9766";0,296749085187912;0,271959703258956
"9767";0,343796730041504;0,364536641086016
"9768";0,705199658870697;0,44866000552575
"9769";0,392212241888046;0,37134073673923
"9770";0,637018978595734;0,54680393070544
"9771";0,351537436246872;0,369072704854825
"9772";0,50362902879715;0,440824986288716
"9773";0,217268586158752;0,270928779675135
"9774";0,208032846450806;0,346804755444307
"9775";0,344347298145294;0,344536723559903
"9776";0,0821814388036728;0,0969088787262733
"9777";0,455169260501862;0,511958713572315
"9778";0,293690353631973;0,507010280369978
"9779";0,204639375209808;0,284124601548035
"9780";0,0651748552918434;0,0713419738475305
"9781";0,239504426717758;0,226186696137336
"9782";0,287573665380478;0,252990709316663
"9783";0,663249790668488;0,781029768949406
"9784";0,175964549183846;0,1237128919056
"9785";0,388628780841827;0,450721852693391
"9786";0,205185979604721;0,189485816553334
"9787";0,250911623239517;0,295670945686822
"9788";0,468339174985886;0,503505140184989
"9789";0,402870923280716;0,0824759485527895
"9790";0,445347547531128;0,403711737271187
"9791";0,789968609809875;0,577113084069756
"9792";0,170304894447327;0,291341066634777
"9793";0,156942635774612;0,286186448715675
"9794";0,94846123456955;0,757112341804776
"9795";0,0867535248398781;0,0567028589572827
"9796";0,336113005876541;0,412371495375277
"9797";0,22901077568531;0,285567894565383
"9798";0,12728276848793;0,124743815489421
"9799";0,290766149759293;0,418350852161434
"9800";0,377533167600632;0,369485074288353
"9801";0,425796300172806;0,294846206819766
"9802";0,508425414562225;0,413608603675861
"9803";0,515140414237976;0,490927872462382
"9804";0,28185111284256;0,252578339883134
"9805";0,0938400328159332;0,061857476876384
"9806";0,1316869109869;0,151547828668748
"9807";0,409952223300934;0,549071962589845
"9808";0,320338040590286;0,325980099051138
"9809";0,428983122110367;0,373608768623635
"9810";0,115123510360718;0,108661407581824
"9811";0,227598309516907;0,369691259005118
"9812";0,297530233860016;0,352577927513701
"9813";0,420805960893631;0,409278724623816
"9814";0,463692188262939;0,429072457433165
"9815";0,578908145427704;0,512577267722607
"9816";0,117807872593403;0,0257751514426745
"9817";0,219814792275429;0,194640434472435
"9818";0,20236337184906;0,182063166749828
"9819";0,435683697462082;0,554638949942474
"9820";0,538102269172668;0,704535239029942
"9821";0,256552755832672;0,299588455305339
"9822";0,428422778844833;0,525566904878743
"9823";0,205829933285713;0,155671523004029
"9824";0,432796001434326;0,442886833456357
"9825";0,222517520189285;0,195465173339491
"9826";0,252162158489227;0,25690821893518
"9827";0,644520699977875;0,647009703052771
"9828";0,483898937702179;0,585772842173847
"9829";0,2624272108078;0,2447433206461
"9830";0,249493673443794;0,255671110634595
"9831";0,540086567401886;0,390722100115051
"9832";0,169747069478035;0,232990791790549
"9833";0,45847299695015;0,31793889509734
"9834";0,871432900428772;0,66020552492567
"9835";0,483133643865585;0,510309235838203
"9836";0,0802009701728821;0,0874243817551268
"9837";0,274904578924179;0,267423639490146
"9838";0,708390712738037;0,587628504624723
"9839";0,1876040995121;0,202887823142997
"9840";0,401921480894089;0,404330291421479
"9841";0,206346720457077;0,188248708252749
"9842";0,306894212961197;0,250928862149022
"9843";0,64828896522522;0,672988977365042
"9844";0,0967899635434151;0,099589280044206
"9845";0,212712600827217;0,231547498773201
"9846";0,230644404888153;0,156908631304613
"9847";0,599267661571503;0,497525783398831
"9848";0,60302722454071;0,620205689873444
"9849";0,353524416685104;0,411546756508221
"9850";0,544223129749298;0,624947938359017
"9851";0,892147123813629;0,789070972903204
"9852";0,997903764247894;1
"9853";0,520134270191193;0,510309235838203
"9854";0,406352996826172;0,408041616323232
"9855";0,430704265832901;0,442268279306065
"9856";0,485080748796463;0,516494777341124
"9857";0,657818794250488;0,813813138914891
"9858";0,360799551010132;0,108249038148296
"9859";0,187938198447227;0,146805580183174
"9860";0,447853595018387;0,551133809757485
"9861";0,21151214838028;0,166186943558996
"9862";0,179329410195351;0,147630319050231
"9863";0,275149136781693;0,242887658195224
"9864";0,228499785065651;0,248660830264617
"9865";0,44325914978981;0,467010445317751
"9866";0,236311450600624;0,294021467952709
"9867";0,671706676483154;0,5762883452027
"9868";0,573340654373169;0,360825316184263
"9869";0,278877764940262;0,396082902750917
"9870";0,955019533634186;1
"9871";0,373231202363968;0,420412699329075
"9872";0,245523750782013;0,25897006610282
"9873";0,253008335828781;0,294846206819766
"9874";0,302304983139038;0,21876404633383
"9875";0,190072864294052;0,149073612067579
"9876";0,344058394432068;0,372165475606286
"9877";0,530777156352997;0,409072539907052
"9878";0,369772672653198;0,271547333825428
"9879";0,322903573513031;0,318763633964396
"9880";0,202691599726677;0,254434002334011
"9881";0,386885702610016;0,330722347536711
"9882";0,358889043331146;0,579587300670925
"9883";0,333146005868912;0,231959868206729
"9884";0,350751847028732;0,398557119352085
"9885";0,623538374900818;0,507835019237034
"9886";0,210601136088371;0,175259071096614
"9887";0,644698739051819;0,730514513342213
"9888";0,265781462192535;0,263506129871629
"9889";0,436620056629181;0,434227075352267
"9890";0,811762034893036;1
"9891";0,638047516345978;0,580205854821217
"9892";0,171158909797668;0,15113545923522
"9893";0,405296117067337;0,896905579770805
"9894";0,480373919010162;0,419175591028491
"9895";0,423834443092346;0,368454150704533
"9896";0,237360328435898;0,224743403119987
"9897";0,764338850975037;1
"9898";0,270408987998962;0,285567894565383
"9899";0,606851398944855;0,440618801571952
"9900";0,210545092821121;0,252578339883134
"9901";0,420858860015869;0,422474546496715
"9902";0,221260547637939;0,252578339883134
"9903";0,802052140235901;0,741854672764236
"9904";0,409835159778595;0,561855415029216
"9905";0,654582798480988;0,661236448509491
"9906";0,47199547290802;0,506185541502922
"9907";0,362668812274933;0,360412946750735
"9908";0,27485203742981;0,24165054989464
"9909";0,271288275718689;0,201650714842413
"9910";0,351321399211884;0,422886915930244
"9911";0,240426182746887;0,222681555952347
"9912";0,719226002693176;0,649071550220411
"9913";0,405517816543579;0,384742743328893
"9914";0,305290222167969;0,27422773514336
"9915";0,275481998920441;0,404948845571771
"9916";0,442066967487335;0,444536311190469
"9917";0,293241381645203;0,322268774149385
"9918";0,395980566740036;0,458556871930425
"9919";0,352766305208206;0,339588290357566
"9920";0,267341762781143;0,321237850565565
"9921";0,474914073944092;0,533401924115777
"9922";0,433638542890549;0,53608232543371
"9923";0,645612955093384;0,596700632162342
"9924";0,274781405925751;0,269691671374551
"9925";0,407576203346252;0,316495602079991
"9926";0,177212968468666;0,101032573061554
"9927";0,461997628211975;0,444536311190469
"9928";0,359003931283951;0,452783699861032
"9929";0,203282833099365;0,174434332229558
"9930";0,111639715731144;0,0901047830730595
"9931";0,42932340502739;0,630514925711647
"9932";0,131350383162498;0,104743897963307
"9933";0,239944264292717;0,311134799444126
"9934";0,223844200372696;0,201032160692121
"9935";0,210576564073563;0,158558109038726
"9936";0,70947802066803;0,639174683815737
"9937";0,346035063266754;0,355670698265162
"9938";0,329316735267639;0,250516492715494
"9939";0,781426608562469;0,852782050383297
"9940";0,52486652135849;0,542061682219867
"9941";0,358250766992569;0,545360637688092
"9942";0,166469722986221;0,283506047397743
"9943";0,222270965576172;0,155671523004029
"9944";0,368669360876083;0,287011187582732
"9945";0,28326615691185;0,262887575721337
"9946";0,555237531661987;0,499381445849708
"9947";0,505242645740509;0,479793897757123
"9948";0,256148517131805;0,289073034750372
"9949";0,399974703788757;0,463092935699234
"9950";0,649454236030579;0,667628174729176
"9951";0,976065456867218;1
"9952";0,159471169114113;0,229691836322324
"9953";0,22054435312748;0,26556797703927
"9954";0,50248908996582;0,608865530451421
"9955";0,367068201303482;0,168248790726636
"9956";0,570188283920288;0,609277899884949
"9957";0,401235103607178;0,392577762565928
"9958";0,220226645469666;0,270516410241607
"9959";0,196691602468491;0,193815695605379
"9960";0,139986902475357;0,10082638834479
"9961";0,327956706285477;0,490103133595325
"9962";0,208847522735596;0,218145492183537
"9963";0,323310077190399;0,175259071096614
"9964";0,404012620449066;0,436907476670199
"9965";0,301459938287735;0,292165805501833
"9966";0,84586775302887;1
"9967";0,402597844600677;0,4237116547973
"9968";0,888470888137817;0,945152803493594
"9969";0,141111761331558;0,0911357066568798
"9970";0,315222859382629;0,303299780207092
"9971";0,557168960571289;0,313402831328531
"9972";0,227628499269485;0,219382600484122
"9973";0,235911533236504;0,318763633964396
"9974";0,391809016466141;0,472371247953617
"9975";0,270882368087769;0,305361627374732
"9976";0,581017255783081;0,557113166543643
"9977";0,435883939266205;0,518350439792001
"9978";0,88744193315506;0,862472732071208
"9979";0,158419772982597;0,155259153570501
"9980";0,338359951972961;0,437113661386963
"9981";0,278930127620697;0,294021467952709
"9982";0,214065089821815;0,201032160692121
"9983";0,196428120136261;0,235465008391718
"9984";0,216199666261673;0,142269516414365
"9985";0,331698417663574;0,284743155698327
"9986";0,599750399589539;0,532989554682249
"9987";0,548377692699432;0,678968334151199
"9988";0,258511394262314;0,254227817617247
"9989";0,48469939827919;0,419175591028491
"9990";0,339952677488327;0,273402996276304
"9991";0,390873700380325;0,495876305664719
"9992";0,189038306474686;0,157321000738141
"9993";0,843432605266571;0,836699642475701
"9994";0,541979312896729;0,630102556278118
"9995";0,333453714847565;0,301444117756215
"9996";0,30339378118515;0,323505882449969
"9997";0,302456170320511;0,522267949410518
"9998";0,353529423475266;0,34288724582579
"9999";0,606242597103119;0,781029768949406
"10000";0,703133106231689;0,845359400579791
"10001";0,249837666749954;0,279588537779226
"10002";0,565070629119873;0,509896866404675
"10003";0,345683455467224;0,363093348068668
"10004";0,293865978717804;0,341031583374914
"10005";0,128749415278435;0,0810326555354411
"10006";0,130625978112221;0,130104618125286
"10007";0,817717790603638;0,731957806359561
"10008";0,407078117132187;0,516700962057888
"10009";0,473164021968842;0,564948185780677
"10010";0,938299477100372;1
"10011";0,294231295585632;0,274640104576888
"10012";0,272098392248154;0,133815943027039
"10013";0,298136413097382;0,331753271120531
"10014";0,250713616609573;0,523298872994338
"10015";0,348123490810394;0,355670698265162
"10016";0,66187572479248;0,828658438521903
"10017";0,345898002386093;0,343093430542554
"10018";0,461055278778076;0,335876965455813
"10019";0,485159456729889;0,383505635028309
"10020";0,273950189352036;0,418763221594962
"10021";0,279310375452042;0,339175920924037
"10022";0,193046629428864;0,221650632368526
"10023";0,36667788028717;0,230722759906145
"10024";0,515859544277191;0,839586228510398
"10025";0,262077450752258;0,228660912738504
"10026";0,338091760873795;0,321031665848801
"10027";0,28600338101387;0,246186613663449
"10028";0,225135415792465;0,218145492183537
"10029";0,179423972964287;0,161650879790186
"10030";0,116970658302307;0,122888153038544
"10031";0,781961262226105;0,608040791584365
"10032";0,132478430867195;0,141238592830545
"10033";0,46074652671814;0,286598818149204
"10034";0,314183801412582;0,467422814751279
"10035";0,225624740123749;0,150929274518456
"10036";0,240105181932449;0,204743485593874
"10037";0,487256795167923;0,514845299607012
"10038";0,259516805410385;0,390103545964759
"10039";0,697700917720795;0,746390736533045
"10040";0,161054491996765;0,147217949616703
"10041";0,498343855142593;0,690720863006751
"10042";0,376118689775467;0,426185871398468
"10043";0,409240961074829;0,367629411837477
"10044";0,276579290628433;0,215258906148841
"10045";0,161589056253433;0,163918911674591
"10046";0,586174666881561;0,549484332023373
"10047";0,840823650360107;0,775050412163249
"10048";0,964390456676483;1
"10049";0,50340348482132;0,516082407907596
"10050";0,99243426322937;1
"10051";0,270372301340103;0,281444200230102
"10052";0,423192262649536;0,507422649803506
"10053";0,308879971504211;0,299176085871811
"10054";0,772256731987;1
"10055";0,104797318577766;0,106599560414184
"10056";0,297727406024933;0,301237933039451
"10057";0,863413274288177;0,977317619308786
"10058";0,287709563970566;0,414639527259681
"10059";0,479663044214249;0,284743155698327
"10060";0,460012197494507;0,479587713040359
"10061";0,732225477695465;0,546185376555148
"10062";0,709632813930511;0,55999975257834
"10063";0,317137062549591;0,149485981501107
"10064";0,398476481437683;0,430928119884042
"10065";0,414655208587646;0,407216877456175
"10066";0,217210859060287;0,279382353062462
"10067";0,46288937330246;0,36268097863514
"10068";0,186849683523178;0,164743650541647
"10069";0,445778906345367;0,442474464022829
"10070";0,113223671913147;0,118145904552971
"10071";0,298691004514694;0,343711984692847
"10072";0,99471777677536;1
"10073";0,328289330005646;0,287011187582732
"10074";0,415032416582108;0,619793320439916
"10075";0,140102505683899;0,109073777015353
"10076";0,290065139532089;0,266392715906326
"10077";0,764748990535736;0,701030098844953
"10078";0,440192878246307;0,300000824738867
"10079";0,808554112911224;0,791545189504373
"10080";0,202535361051559;0,294021467952709
"10081";0,3587546646595;0,442680648739593
"10082";0,768470704555511;0,679380703584727
"10083";0,421045303344727;0,291547251351541
"10084";0,944603502750397;1
"10085";0,14154164493084;0,12165104473796
"10086";0,245247289538383;0,295877130403586
"10087";0,561720728874207;0,587628504624723
"10088";0,542743861675262;0,736493870128371
"10089";0,318203687667847;0,294846206819766
"10090";0,336743295192719;0,31031006057707
"10091";0,214503437280655;0,203918746726818
"10092";0,448377192020416;0,551752363907778
"10093";0,349951237440109;0,396289087467681
"10094";0,341686010360718;0,416701374427322
"10095";0,164615511894226;0,16948589902722
"10096";0,213844239711761;0,223506294819403
"10097";0,380303472280502;0,255464925917831
"10098";0,217155978083611;0,256702034218416
"10099";0,63563746213913;0,686184799237941
"10100";0,217511877417564;0,173403408645738
"10101";0,299208074808121;0,227629989154684
"10102";0,159050181508064;0,257732957802236
"10103";0,381783604621887;0,251547416299314
"10104";0,23148238658905;0,297938977571227
"10105";0,426868289709091;0,399175673502377
"10106";0,354483813047409;0,298557531721519
"10107";0,465198248624802;0,46948466191892
"10108";0,170811355113983;0,163712726957827
"10109";0,53073114156723;0,433814705918738
"10110";0,465899437665939;0,553814211075418
"10111";0,227169245481491;0,260413359120169
"10112";0,535273611545563;0,642473639283962
"10113";0,155366346240044;0,17608380996367
"10114";0,284413516521454;0,191753848437738
"10115";0,254908710718155;0,201032160692121
"10116";0,466392129659653;0,617112919121983
"10117";0,331526130437851;0,383711819745073
"10118";0,140560001134872;0,14350662471495
"10119";0,211741909384727;0,352784112230465
"10120";0,273860961198807;0,399588042935905
"10121";0,717618882656097;0,652370505688636
"10122";0,382264405488968;0,263093760438101
"10123";0,170449540019035;0,155465338287265
"10124";0,52607262134552;0,467010445317751
"10125";0,351671278476715;0,536700879584002
"10126";0,394180685281754;0,35051608034606
"10127";0,249225631356239;0,212578504830908
"10128";0,249009326100349;0,289691588900664
"10129";0,444048523902893;0,310516245293834
"10130";0,283114492893219;0,267836008923675
"10131";0,166839331388474;0,120001567003847
"10132";0,622806549072266;0,661648817943019
"10133";0,773941457271576;0,714225920717853
"10134";0,354212611913681;0,446804343074874
"10135";0,185022339224815;0,216083645015897
"10136";0,361954152584076;0,336495519606105
"10137";0,260974228382111;0,27319681155954
"10138";0,436725378036499;0,313196646611767
"10139";0,126782312989235;0,1237128919056
"10140";0,334475219249725;0,271959703258956
"10141";0,213750377297401;0,217733122750009
"10142";0,360812067985535;0,413814788392625
"10143";0,192776769399643;0,226805250287628
"10144";0,363072842359543;0,553195656925126
"10145";0,391090095043182;0,379588125409792
"10146";0,190790995955467;0,154640599420209
"10147";0,355720669031143;0,381856157294197
"10148";0,294893205165863;0,315258493779407
"10149";0,324529469013214;0,276908136461293
"10150";0,431218326091766;0,361650055051319
"10151";0,255075097084045;0,346186201294015
"10152";0,0903307050466537;0,0577337825411029
"10153";0,496671378612518;0,329897608669655
"10154";0,529896199703217;0,479587713040359
"10155";0,511480689048767;0,496082490381483
"10156";0,247993737459183;0,320619296415273
"10157";0,672245502471924;0,720617646937538
"10158";0,80461722612381;0,702061022428773
"10159";0,794493734836578;1
"10160";0,304328799247742;0,31031006057707
"10161";0,267639607191086;0,25031030799873
"10162";0,995742082595825;1
"10163";0,405120849609375;0,278351429478641
"10164";0,155350267887115;0,222063001802054
"10165";0,125658378005028;0,130516987558814
"10166";0,26574832201004;0,24165054989464
"10167";0,313896805047989;0,378144832392444
"10168";0,681108832359314;0,816905909666352
"10169";0,350079238414764;0,299382270588575
"10170";0,779113173484802;0,896905579770805
"10171";0,968649804592133;0,954018746314448
"10172";0,257026344537735;0,325361544900846
"10173";0,459766656160355;0,385773666912714
"10174";0,320864111185074;0,268866932507495
"10175";0,223928719758987;0,298145162287991
"10176";0,334650486707687;0,311959538311182
"10177";0,791493535041809;0,705772347330527
"10178";0,335050255060196;0,338351182056981
"10179";0,33575451374054;0,327423392068486
"10180";0,140122666954994;0,139382930379669
"10181";0,465768665075302;0,41711374386085
"10182";0,759855985641479;0,807215227978441
"10183";0,317815989255905;0,352165558080173
"10184";0,371658831834793;0,0824759485527895
"10185";0,251572549343109;0,286186448715675
"10186";0,444212019443512;0,429484826866693
"10187";0,301721692085266;0,180001319582187
"10188";0,0992386490106583;0,0923728149574641
"10189";0,587355256080627;0,690720863006751
"10190";0,121202632784843;0,201032160692121
"10191";0,150796473026276;0,178351841848075
"10192";0,39492654800415;0,378557201825972
"10193";0,253190249204636;0,289691588900664
"10194";0,172127544879913;0,113403656067398
"10195";0,151030793786049;0,181032243166008
"10196";0,440271258354187;0,445154865340761
"10197";0,25238898396492;0,178558026564839
"10198";0,211460143327713;0,214846536715313
"10199";0,452235519886017;0,528247306196675
"10200";0,296841830015182;0,344124354126375
